line,time,score,numBroken,brokenInvariants,brokenSensors
=>3,240000.0,0.0,0,[],[]
=>4,300000.0,0.0,0,[],[]
=>5,360000.0,0.0,0,[],[]
=>6,420000.0,0.0,0,[],[]
=>7,480000.0,0.0,0,[],[]
=>8,540000.0,0.0,0,[],[]
=>9,600000.0,0.0,0,[],[]
=>10,660000.0,0.0,0,[],[]
=>11,720000.0,0.0,0,[],[]
=>12,780000.0,0.0,0,[],[]
=>13,840000.0,0.0,0,[],[]
=>14,900000.0,0.0,0,[],[]
=>15,960000.0,0.0,0,[],[]
=>16,1020000.0,0.0,0,[],[]
=>17,1080000.0,0.0,0,[],[]
=>18,1140000.0,0.0,0,[],[]
=>19,1200000.0,0.0,0,[],[]
=>20,1260000.0,0.0,0,[],[]
=>21,1320000.0,0.0,0,[],[]
=>22,1380000.0,0.0,0,[],[]
=>23,1440000.0,0.0,0,[],[]
=>24,1500000.0,0.0,0,[],[]
=>25,1560000.0,0.0,0,[],[]
=>26,1620000.0,0.0,0,[],[]
=>27,1680000.0,0.0,0,[],[]
=>28,1740000.0,0.0,0,[],[]
=>29,1800000.0,0.0,0,[],[]
=>30,1860000.0,0.0,0,[],[]
=>31,1920000.0,0.0,0,[],[]
=>32,1980000.0,0.0,0,[],[]
=>33,2040000.0,0.0,0,[],[]
=>34,2100000.0,0.0,0,[],[]
=>35,2160000.0,0.0,0,[],[]
=>36,2220000.0,0.0,0,[],[]
=>37,2280000.0,0.0,0,[],[]
=>38,2340000.0,0.0,0,[],[]
=>39,2400000.0,0.0,0,[],[]
=>40,2460000.0,0.0,0,[],[]
=>41,2520000.0,0.0,0,[],[]
=>42,2580000.0,0.0,0,[],[]
=>43,2640000.0,0.0,0,[],[]
=>44,2700000.0,0.0,0,[],[]
=>45,2760000.0,0.0,0,[],[]
=>46,2820000.0,0.0,0,[],[]
=>47,2880000.0,0.0,0,[],[]
=>48,2940000.0,0.0,0,[],[]
=>49,3000000.0,0.0,0,[],[]
=>50,3060000.0,0.0,0,[],[]
=>51,3120000.0,0.0,0,[],[]
=>52,3180000.0,0.0,0,[],[]
=>53,3240000.0,0.0,0,[],[]
=>54,3300000.0,0.0,0,[],[]
=>55,3360000.0,0.0,0,[],[]
=>56,3420000.0,0.0,0,[],[]
=>57,3480000.0,0.0,0,[],[]
=>58,3540000.0,0.0,0,[],[]
=>59,3600000.0,0.0,0,[],[]
=>60,3660000.0,0.0,0,[],[]
=>61,3720000.0,0.0,0,[],[]
=>62,3780000.0,0.0,0,[],[]
=>63,3840000.0,0.0,0,[],[]
=>64,3900000.0,0.0,0,[],[]
=>65,3960000.0,0.0,0,[],[]
=>66,4020000.0,0.0,0,[],[]
=>67,4080000.0,0.0,0,[],[]
=>68,4140000.0,0.0,0,[],[]
=>69,4200000.0,0.0,0,[],[]
=>70,4260000.0,0.0,0,[],[]
=>71,4320000.0,0.0,0,[],[]
=>72,4380000.0,0.0,0,[],[]
=>73,4440000.0,0.0,0,[],[]
=>74,4500000.0,0.0,0,[],[]
=>75,4560000.0,0.0,0,[],[]
=>76,4620000.0,0.0,0,[],[]
=>77,4680000.0,0.0,0,[],[]
=>78,4740000.0,0.0,0,[],[]
=>79,4800000.0,0.0,0,[],[]
=>80,4860000.0,0.0,0,[],[]
=>81,4920000.0,0.0,0,[],[]
=>82,4980000.0,0.0,0,[],[]
=>83,5040000.0,0.0,0,[],[]
=>84,5100000.0,0.0,0,[],[]
=>85,5160000.0,0.0,0,[],[]
=>86,5220000.0,0.0,0,[],[]
=>87,5280000.0,0.0,0,[],[]
=>88,5340000.0,0.0,0,[],[]
=>89,5400000.0,0.0,0,[],[]
=>90,5460000.0,0.0,0,[],[]
=>91,5520000.0,0.0,0,[],[]
=>92,5580000.0,0.0,0,[],[]
=>93,5640000.0,0.0,0,[],[]
=>94,5700000.0,0.0,0,[],[]
=>95,5760000.0,0.0,0,[],[]
=>96,5820000.0,0.0,0,[],[]
=>97,5880000.0,0.0,0,[],[]
=>98,5940000.0,0.0,0,[],[]
=>99,6000000.0,0.0,0,[],[]
=>100,6060000.0,0.0,0,[],[]
=>101,6120000.0,0.0,0,[],[]
=>102,6180000.0,0.0,0,[],[]
=>103,6240000.0,0.0,0,[],[]
=>104,6300000.0,0.0,0,[],[]
=>105,6360000.0,0.0,0,[],[]
=>106,6420000.0,0.0,0,[],[]
=>107,6480000.0,0.0,0,[],[]
=>108,6540000.0,0.0,0,[],[]
=>109,6600000.0,0.0,0,[],[]
=>110,6660000.0,0.0,0,[],[]
=>111,6720000.0,0.0,0,[],[]
=>112,6780000.0,0.0,0,[],[]
=>113,6840000.0,0.0,0,[],[]
=>114,6900000.0,0.0,0,[],[]
=>115,6960000.0,0.0,0,[],[]
=>116,7020000.0,0.0,0,[],[]
=>117,7080000.0,0.0,0,[],[]
=>118,7140000.0,0.0,0,[],[]
=>119,7200000.0,0.0,0,[],[]
=>120,7260000.0,0.0,0,[],[]
=>121,7320000.0,0.0,0,[],[]
=>122,7380000.0,0.0,0,[],[]
=>123,7440000.0,0.0,0,[],[]
=>124,7500000.0,0.0,0,[],[]
=>125,7560000.0,0.0,0,[],[]
=>126,7620000.0,0.0,0,[],[]
=>127,7680000.0,0.0,0,[],[]
=>128,7740000.0,0.0,0,[],[]
=>129,7800000.0,0.0,0,[],[]
=>130,7860000.0,0.0,0,[],[]
=>131,7920000.0,0.0,0,[],[]
=>132,7980000.0,0.0,0,[],[]
=>133,8040000.0,0.0,0,[],[]
=>134,8100000.0,0.0,0,[],[]
=>135,8160000.0,0.0,0,[],[]
=>136,8220000.0,0.0,0,[],[]
=>137,8280000.0,0.0,0,[],[]
=>138,8340000.0,0.0,0,[],[]
=>139,8400000.0,0.0,0,[],[]
=>140,8460000.0,0.0,0,[],[]
=>141,8520000.0,0.0,0,[],[]
=>142,8580000.0,0.0,0,[],[]
=>143,8640000.0,0.0,0,[],[]
=>144,8700000.0,0.0,0,[],[]
=>145,8760000.0,0.0,0,[],[]
=>146,8820000.0,0.0,0,[],[]
=>147,8880000.0,0.0,0,[],[]
=>148,8940000.0,0.0,0,[],[]
=>149,9000000.0,0.0,0,[],[]
=>150,9060000.0,0.0,0,[],[]
=>151,9120000.0,0.0,0,[],[]
=>152,9180000.0,0.0,0,[],[]
=>153,9240000.0,0.0,0,[],[]
=>154,9300000.0,0.0,0,[],[]
=>155,9360000.0,0.0,0,[],[]
=>156,9420000.0,0.0,0,[],[]
=>157,9480000.0,0.0,0,[],[]
=>158,9540000.0,0.0,0,[],[]
=>159,9600000.0,0.0,0,[],[]
=>160,9660000.0,0.0,0,[],[]
=>161,9720000.0,0.0,0,[],[]
=>162,9780000.0,0.0,0,[],[]
=>163,9840000.0,0.0,0,[],[]
=>164,9900000.0,0.0,0,[],[]
=>165,9960000.0,0.0,0,[],[]
=>166,10020000.0,0.0,0,[],[]
=>167,10080000.0,0.0,0,[],[]
=>168,10140000.0,0.0,0,[],[]
=>169,10200000.0,0.0,0,[],[]
=>170,10260000.0,0.0,0,[],[]
=>171,10320000.0,0.0,0,[],[]
=>172,10380000.0,0.0,0,[],[]
=>173,10440000.0,0.0,0,[],[]
=>174,10500000.0,0.0,0,[],[]
=>175,10560000.0,0.0,0,[],[]
=>176,10620000.0,0.0,0,[],[]
=>177,10680000.0,0.0,0,[],[]
=>178,10740000.0,0.0,0,[],[]
=>179,10800000.0,0.0,0,[],[]
=>180,10860000.0,0.0,0,[],[]
=>181,10920000.0,0.0,0,[],[]
=>182,10980000.0,0.0,0,[],[]
=>183,11040000.0,0.0,0,[],[]
=>184,11100000.0,0.0,0,[],[]
=>185,11160000.0,0.0,0,[],[]
=>186,11220000.0,0.0,0,[],[]
=>187,11280000.0,0.0,0,[],[]
=>188,11340000.0,0.0,0,[],[]
=>189,11400000.0,0.0,0,[],[]
=>190,11460000.0,0.0,0,[],[]
=>191,11520000.0,0.0,0,[],[]
=>192,11580000.0,0.0,0,[],[]
=>193,11640000.0,0.0,0,[],[]
=>194,11700000.0,0.0,0,[],[]
=>195,11760000.0,0.0,0,[],[]
=>196,11820000.0,0.0,0,[],[]
=>197,11880000.0,0.0,0,[],[]
=>198,11940000.0,0.0,0,[],[]
=>199,12000000.0,0.0,0,[],[]
=>200,12060000.0,0.0,0,[],[]
=>201,12120000.0,0.0,0,[],[]
=>202,12180000.0,0.0,0,[],[]
=>203,12240000.0,0.0,0,[],[]
=>204,12300000.0,0.0,0,[],[]
=>205,12360000.0,0.0,0,[],[]
=>206,12420000.0,0.0,0,[],[]
=>207,12480000.0,0.0,0,[],[]
=>208,12540000.0,0.0,0,[],[]
=>209,12600000.0,0.0,0,[],[]
=>210,12660000.0,0.0,0,[],[]
=>211,12720000.0,0.0,0,[],[]
=>212,12780000.0,0.0,0,[],[]
=>213,12840000.0,0.0,0,[],[]
=>214,12900000.0,0.0,0,[],[]
=>215,12960000.0,0.0,0,[],[]
=>216,13020000.0,0.0,0,[],[]
=>217,13080000.0,0.0,0,[],[]
=>218,13140000.0,0.0,0,[],[]
=>219,13200000.0,0.0,0,[],[]
=>220,13260000.0,0.0,0,[],[]
=>221,13320000.0,0.0,0,[],[]
=>222,13380000.0,0.0,0,[],[]
=>223,13440000.0,0.0,0,[],[]
=>224,13500000.0,0.0,0,[],[]
=>225,13560000.0,0.0,0,[],[]
=>226,13620000.0,0.0,0,[],[]
=>227,13680000.0,0.0,0,[],[]
=>228,13740000.0,0.0,0,[],[]
=>229,13800000.0,0.0,0,[],[]
=>230,13860000.0,0.0,0,[],[]
=>231,13920000.0,0.0,0,[],[]
=>232,13980000.0,0.0,0,[],[]
=>233,14040000.0,0.0,0,[],[]
=>234,14100000.0,0.0,0,[],[]
=>235,14160000.0,0.0,0,[],[]
=>236,14220000.0,0.0,0,[],[]
=>237,14280000.0,0.0,0,[],[]
=>238,14340000.0,0.0,0,[],[]
=>239,14400000.0,0.0,0,[],[]
=>240,14460000.0,0.0,0,[],[]
=>241,14520000.0,0.0,0,[],[]
=>242,14580000.0,0.0,0,[],[]
=>243,14640000.0,0.0,0,[],[]
=>244,14700000.0,0.0,0,[],[]
=>245,14760000.0,0.0,0,[],[]
=>246,14820000.0,0.0,0,[],[]
=>247,14880000.0,0.0,0,[],[]
=>248,14940000.0,0.0,0,[],[]
=>249,15000000.0,0.0,0,[],[]
=>250,15060000.0,0.0,0,[],[]
=>251,15120000.0,0.0,0,[],[]
=>252,15180000.0,0.0,0,[],[]
=>253,15240000.0,0.0,0,[],[]
=>254,15300000.0,0.0,0,[],[]
=>255,15360000.0,0.0,0,[],[]
=>256,15420000.0,0.0,0,[],[]
=>257,15480000.0,0.0,0,[],[]
=>258,15540000.0,0.0,0,[],[]
=>259,15600000.0,0.0,0,[],[]
=>260,15660000.0,0.0,0,[],[]
=>261,15720000.0,0.0,0,[],[]
=>262,15780000.0,0.0,0,[],[]
=>263,15840000.0,0.0,0,[],[]
=>264,15900000.0,0.0,0,[],[]
=>265,15960000.0,0.0,0,[],[]
=>266,16020000.0,0.0,0,[],[]
=>267,16080000.0,0.0,0,[],[]
=>268,16140000.0,0.0,0,[],[]
=>269,16200000.0,0.0,0,[],[]
=>270,16260000.0,0.0,0,[],[]
=>271,16320000.0,0.0,0,[],[]
=>272,16380000.0,0.0,0,[],[]
=>273,16440000.0,0.0,0,[],[]
=>274,16500000.0,0.0,0,[],[]
=>275,16560000.0,0.0,0,[],[]
=>276,16620000.0,0.0,0,[],[]
=>277,16680000.0,0.0,0,[],[]
=>278,16740000.0,0.0,0,[],[]
=>279,16800000.0,0.0,0,[],[]
=>280,16860000.0,0.0,0,[],[]
=>281,16920000.0,0.0,0,[],[]
=>282,16980000.0,0.0,0,[],[]
=>283,17040000.0,0.0,0,[],[]
=>284,17100000.0,0.0,0,[],[]
=>285,17160000.0,0.0,0,[],[]
=>286,17220000.0,0.0,0,[],[]
=>287,17280000.0,0.0,0,[],[]
=>288,17340000.0,0.0,0,[],[]
=>289,17400000.0,0.0,0,[],[]
=>290,17460000.0,0.0,0,[],[]
=>291,17520000.0,0.0,0,[],[]
=>292,17580000.0,0.0,0,[],[]
=>293,17640000.0,0.0,0,[],[]
=>294,17700000.0,0.0,0,[],[]
=>295,17760000.0,0.0,0,[],[]
=>296,17820000.0,0.0,0,[],[]
=>297,17880000.0,0.0,0,[],[]
=>298,17940000.0,0.0,0,[],[]
=>299,18000000.0,0.0,0,[],[]
=>300,18060000.0,0.0,0,[],[]
=>301,18120000.0,0.0,0,[],[]
=>302,18180000.0,0.0,0,[],[]
=>303,18240000.0,0.0,0,[],[]
=>304,18300000.0,0.0,0,[],[]
=>305,18360000.0,0.0,0,[],[]
=>306,18420000.0,0.0,0,[],[]
=>307,18480000.0,0.0,0,[],[]
=>308,18540000.0,0.0,0,[],[]
=>309,18600000.0,0.0,0,[],[]
=>310,18660000.0,0.0,0,[],[]
=>311,18720000.0,0.0,0,[],[]
=>312,18780000.0,0.0,0,[],[]
=>313,18840000.0,0.0,0,[],[]
=>314,18900000.0,0.0,0,[],[]
=>315,18960000.0,0.0,0,[],[]
=>316,19020000.0,0.0,0,[],[]
=>317,19080000.0,0.0,0,[],[]
=>318,19140000.0,0.0,0,[],[]
=>319,19200000.0,0.0,0,[],[]
=>320,19260000.0,0.0,0,[],[]
=>321,19320000.0,0.0,0,[],[]
=>322,19380000.0,0.0,0,[],[]
=>323,19440000.0,0.0,0,[],[]
=>324,19500000.0,0.0,0,[],[]
=>325,19560000.0,0.0,0,[],[]
=>326,19620000.0,0.0,0,[],[]
=>327,19680000.0,0.0,0,[],[]
=>328,19740000.0,0.0,0,[],[]
=>329,19800000.0,0.0,0,[],[]
=>330,19860000.0,0.0,0,[],[]
=>331,19920000.0,0.0,0,[],[]
=>332,19980000.0,0.0,0,[],[]
=>333,20040000.0,0.0,0,[],[]
=>334,20100000.0,0.0,0,[],[]
=>335,20160000.0,0.0,0,[],[]
=>336,20220000.0,0.0,0,[],[]
=>337,20280000.0,0.0,0,[],[]
=>338,20340000.0,0.0,0,[],[]
=>339,20400000.0,0.0,0,[],[]
=>340,20460000.0,0.0,0,[],[]
=>341,20520000.0,0.0,0,[],[]
=>342,20580000.0,0.0,0,[],[]
=>343,20640000.0,0.0,0,[],[]
=>344,20700000.0,0.0,0,[],[]
=>345,20760000.0,0.0,0,[],[]
=>346,20820000.0,0.0,0,[],[]
=>347,20880000.0,0.0,0,[],[]
=>348,20940000.0,0.0,0,[],[]
=>349,21000000.0,0.0,0,[],[]
=>350,21060000.0,0.0,0,[],[]
=>351,21120000.0,0.0,0,[],[]
=>352,21180000.0,0.0,0,[],[]
=>353,21240000.0,0.0,0,[],[]
=>354,21300000.0,0.0,0,[],[]
=>355,21360000.0,0.0,0,[],[]
=>356,21420000.0,0.0,0,[],[]
=>357,21480000.0,0.0,0,[],[]
=>358,21540000.0,0.0,0,[],[]
=>359,21600000.0,0.0,0,[],[]
=>360,21660000.0,0.0,0,[],[]
=>361,21720000.0,0.0,0,[],[]
=>362,21780000.0,0.0,0,[],[]
=>363,21840000.0,0.0,0,[],[]
=>364,21900000.0,0.0,0,[],[]
=>365,21960000.0,0.0,0,[],[]
=>366,22020000.0,0.0,0,[],[]
=>367,22080000.0,0.0,0,[],[]
=>368,22140000.0,0.0,0,[],[]
=>369,22200000.0,0.0,0,[],[]
=>370,22260000.0,0.0,0,[],[]
=>371,22320000.0,0.0,0,[],[]
=>372,22380000.0,0.0,0,[],[]
=>373,22440000.0,0.0,0,[],[]
=>374,22500000.0,0.0,0,[],[]
=>375,22560000.0,0.0,0,[],[]
=>376,22620000.0,0.0,0,[],[]
=>377,22680000.0,0.0,0,[],[]
=>378,22740000.0,0.0,0,[],[]
=>379,22800000.0,0.0,0,[],[]
=>380,22860000.0,0.0,0,[],[]
=>381,22920000.0,0.0,0,[],[]
=>382,22980000.0,0.0,0,[],[]
=>383,23040000.0,0.0,0,[],[]
=>384,23100000.0,0.0,0,[],[]
=>385,23160000.0,0.0,0,[],[]
=>386,23220000.0,0.0,0,[],[]
=>387,23280000.0,0.0,0,[],[]
=>388,23340000.0,0.0,0,[],[]
=>389,23400000.0,0.0,0,[],[]
=>390,23460000.0,0.0,0,[],[]
=>391,23520000.0,0.0,0,[],[]
=>392,23580000.0,0.0,0,[],[]
=>393,23640000.0,0.0,0,[],[]
=>394,23700000.0,0.0,0,[],[]
=>395,23760000.0,0.0,0,[],[]
=>396,23820000.0,0.0,0,[],[]
=>397,23880000.0,0.0,0,[],[]
=>398,23940000.0,0.0,0,[],[]
=>399,24000000.0,0.0,0,[],[]
=>400,24060000.0,0.0,0,[],[]
=>401,24120000.0,0.0,0,[],[]
=>402,24180000.0,0.0,0,[],[]
=>403,24240000.0,0.0,0,[],[]
=>404,24300000.0,0.0,0,[],[]
=>405,24360000.0,0.0,0,[],[]
=>406,24420000.0,0.0,0,[],[]
=>407,24480000.0,0.0,0,[],[]
=>408,24540000.0,0.0,0,[],[]
=>409,24600000.0,0.0,0,[],[]
=>410,24660000.0,0.0,0,[],[]
=>411,24720000.0,0.0,0,[],[]
=>412,24780000.0,0.0,0,[],[]
=>413,24840000.0,0.0,0,[],[]
=>414,24900000.0,0.0,0,[],[]
=>415,24960000.0,0.0,0,[],[]
=>416,25020000.0,0.0,0,[],[]
=>417,25080000.0,0.0,0,[],[]
=>418,25140000.0,0.0,0,[],[]
=>419,25200000.0,0.0,0,[],[]
=>420,25260000.0,0.0,0,[],[]
=>421,25320000.0,0.0,0,[],[]
=>422,25380000.0,0.0,0,[],[]
=>423,25440000.0,0.0,0,[],[]
=>424,25500000.0,0.0,0,[],[]
=>425,25560000.0,0.0,0,[],[]
=>426,25620000.0,0.0,0,[],[]
=>427,25680000.0,0.0,0,[],[]
=>428,25740000.0,0.0,0,[],[]
=>429,25800000.0,0.0,0,[],[]
=>430,25860000.0,0.0,0,[],[]
=>431,25920000.0,0.0,0,[],[]
=>432,25980000.0,0.0,0,[],[]
=>433,26040000.0,0.0,0,[],[]
=>434,26100000.0,0.0,0,[],[]
=>435,26160000.0,0.0,0,[],[]
=>436,26220000.0,0.0,0,[],[]
=>437,26280000.0,0.0,0,[],[]
=>438,26340000.0,0.0,0,[],[]
=>439,26400000.0,0.0,0,[],[]
=>440,26460000.0,0.0,0,[],[]
=>441,26520000.0,0.0,0,[],[]
=>442,26580000.0,0.0,0,[],[]
=>443,26640000.0,0.0,0,[],[]
=>444,26700000.0,0.0,0,[],[]
=>445,26760000.0,0.0,0,[],[]
=>446,26820000.0,0.0,0,[],[]
=>447,26880000.0,0.0,0,[],[]
=>448,26940000.0,0.0,0,[],[]
=>449,27000000.0,0.0,0,[],[]
=>450,27060000.0,0.0,0,[],[]
=>451,27120000.0,0.0,0,[],[]
=>452,27180000.0,0.0,0,[],[]
=>453,27240000.0,0.0,0,[],[]
=>454,27300000.0,0.0,0,[],[]
=>455,27360000.0,0.0,0,[],[]
=>456,27420000.0,0.0,0,[],[]
=>457,27480000.0,0.0,0,[],[]
=>458,27540000.0,0.0,0,[],[]
=>459,27600000.0,0.0,0,[],[]
=>460,27660000.0,0.0,0,[],[]
=>461,27720000.0,0.0,0,[],[]
=>462,27780000.0,0.0,0,[],[]
=>463,27840000.0,0.0,0,[],[]
=>464,27900000.0,0.0,0,[],[]
=>465,27960000.0,0.0,0,[],[]
=>466,28020000.0,0.0,0,[],[]
=>467,28080000.0,0.0,0,[],[]
=>468,28140000.0,0.0,0,[],[]
=>469,28200000.0,0.0,0,[],[]
=>470,28260000.0,0.0,0,[],[]
=>471,28320000.0,0.0,0,[],[]
=>472,28380000.0,0.0,0,[],[]
=>473,28440000.0,0.0,0,[],[]
=>474,28500000.0,0.0,0,[],[]
=>475,28560000.0,0.0,0,[],[]
=>476,28620000.0,0.0,0,[],[]
=>477,28680000.0,0.0,0,[],[]
=>478,28740000.0,0.0,0,[],[]
=>479,28800000.0,0.0,0,[],[]
=>480,28860000.0,0.0,0,[],[]
=>481,28920000.0,0.0,0,[],[]
=>482,28980000.0,0.0,0,[],[]
=>483,29040000.0,0.0,0,[],[]
=>484,29100000.0,0.0,0,[],[]
=>485,29160000.0,0.0,0,[],[]
=>486,29220000.0,0.0,0,[],[]
=>487,29280000.0,0.0,0,[],[]
=>488,29340000.0,0.0,0,[],[]
=>489,29400000.0,0.0,0,[],[]
=>490,29460000.0,0.0,0,[],[]
=>491,29520000.0,0.0,0,[],[]
=>492,29580000.0,0.0,0,[],[]
=>493,29640000.0,0.0,0,[],[]
=>494,29700000.0,0.0,0,[],[]
=>495,29760000.0,0.0,0,[],[]
=>496,29820000.0,0.0,0,[],[]
=>497,29880000.0,0.0,0,[],[]
=>498,29940000.0,0.0,0,[],[]
=>499,30000000.0,0.0,0,[],[]
=>500,30060000.0,0.0,0,[],[]
=>501,30120000.0,0.0,0,[],[]
=>502,30180000.0,0.0,0,[],[]
=>503,30240000.0,0.0,0,[],[]
=>504,30300000.0,0.0,0,[],[]
=>505,30360000.0,0.0,0,[],[]
=>506,30420000.0,0.0,0,[],[]
=>507,30480000.0,0.0,0,[],[]
=>508,30540000.0,0.0,0,[],[]
=>509,30600000.0,0.0,0,[],[]
=>510,30660000.0,0.0,0,[],[]
=>511,30720000.0,0.0,0,[],[]
=>512,30780000.0,0.0,0,[],[]
=>513,30840000.0,0.0,0,[],[]
=>514,30900000.0,0.0,0,[],[]
=>515,30960000.0,0.0,0,[],[]
=>516,31020000.0,0.0,0,[],[]
=>517,31080000.0,0.0,0,[],[]
=>518,31140000.0,0.0,0,[],[]
=>519,31200000.0,0.0,0,[],[]
=>520,31260000.0,0.0,0,[],[]
=>521,31320000.0,0.0,0,[],[]
=>522,31380000.0,0.0,0,[],[]
=>523,31440000.0,0.0,0,[],[]
=>524,31500000.0,0.0,0,[],[]
=>525,31560000.0,0.0,0,[],[]
=>526,31620000.0,0.0,0,[],[]
=>527,31680000.0,0.0,0,[],[]
=>528,31740000.0,0.0,0,[],[]
=>529,31800000.0,0.0,0,[],[]
=>530,31860000.0,0.0,0,[],[]
=>531,31920000.0,0.0,0,[],[]
=>532,31980000.0,0.0,0,[],[]
=>533,32040000.0,0.0,0,[],[]
=>534,32100000.0,0.0,0,[],[]
=>535,32160000.0,0.0,0,[],[]
=>536,32220000.0,0.0,0,[],[]
=>537,32280000.0,0.0,0,[],[]
=>538,32340000.0,0.0,0,[],[]
=>539,32400000.0,0.0,0,[],[]
=>540,32460000.0,0.0,0,[],[]
=>541,32520000.0,0.0,0,[],[]
=>542,32580000.0,0.0,0,[],[]
=>543,32640000.0,0.0,0,[],[]
=>544,32700000.0,0.0,0,[],[]
=>545,32760000.0,0.0,0,[],[]
=>546,32820000.0,0.0,0,[],[]
=>547,32880000.0,0.0,0,[],[]
=>548,32940000.0,0.0,0,[],[]
=>549,33000000.0,0.0,0,[],[]
=>550,33060000.0,0.0,0,[],[]
=>551,33120000.0,0.0,0,[],[]
=>552,33180000.0,0.0,0,[],[]
=>553,33240000.0,0.0,0,[],[]
=>554,33300000.0,0.0,0,[],[]
=>555,33360000.0,0.0,0,[],[]
=>556,33420000.0,0.0,0,[],[]
=>557,33480000.0,0.0,0,[],[]
=>558,33540000.0,0.0,0,[],[]
=>559,33600000.0,0.0,0,[],[]
=>560,33660000.0,0.0,0,[],[]
=>561,33720000.0,0.0,0,[],[]
=>562,33780000.0,0.0,0,[],[]
=>563,33840000.0,0.0,0,[],[]
=>564,33900000.0,0.0,0,[],[]
=>565,33960000.0,0.0,0,[],[]
=>566,34020000.0,0.0,0,[],[]
=>567,34080000.0,0.0,0,[],[]
=>568,34140000.0,0.0,0,[],[]
=>569,34200000.0,0.0,0,[],[]
=>570,34260000.0,0.0,0,[],[]
=>571,34320000.0,0.0,0,[],[]
=>572,34380000.0,0.0,0,[],[]
=>573,34440000.0,0.0,0,[],[]
=>574,34500000.0,0.0,0,[],[]
=>575,34560000.0,0.0,0,[],[]
=>576,34620000.0,0.0,0,[],[]
=>577,34680000.0,0.0,0,[],[]
=>578,34740000.0,0.0,0,[],[]
=>579,34800000.0,0.0,0,[],[]
=>580,34860000.0,0.0,0,[],[]
=>581,34920000.0,0.0,0,[],[]
=>582,34980000.0,0.0,0,[],[]
=>583,35040000.0,0.0,0,[],[]
=>584,35100000.0,0.0,0,[],[]
=>585,35160000.0,0.0,0,[],[]
=>586,35220000.0,0.0,0,[],[]
=>587,35280000.0,0.0,0,[],[]
=>588,35340000.0,0.0,0,[],[]
=>589,35400000.0,0.0,0,[],[]
=>590,35460000.0,0.0,0,[],[]
=>591,35520000.0,0.0,0,[],[]
=>592,35580000.0,0.0,0,[],[]
=>593,35640000.0,0.0,0,[],[]
=>594,35700000.0,0.0,0,[],[]
=>595,35760000.0,0.0,0,[],[]
=>596,35820000.0,0.0,0,[],[]
=>597,35880000.0,0.0,0,[],[]
=>598,35940000.0,0.0,0,[],[]
=>599,36000000.0,0.0,0,[],[]
=>600,36060000.0,0.0,0,[],[]
=>601,36120000.0,0.0,0,[],[]
=>602,36180000.0,0.0,0,[],[]
=>603,36240000.0,0.0,0,[],[]
=>604,36300000.0,0.0,0,[],[]
=>605,36360000.0,0.0,0,[],[]
=>606,36420000.0,0.0,0,[],[]
=>607,36480000.0,0.0,0,[],[]
=>608,36540000.0,0.0,0,[],[]
=>609,36600000.0,0.0,0,[],[]
=>610,36660000.0,0.0,0,[],[]
=>611,36720000.0,0.0,0,[],[]
=>612,36780000.0,0.0,0,[],[]
=>613,36840000.0,0.0,0,[],[]
=>614,36900000.0,0.0,0,[],[]
=>615,36960000.0,0.0,0,[],[]
=>616,37020000.0,0.0,0,[],[]
=>617,37080000.0,0.0,0,[],[]
=>618,37140000.0,0.0,0,[],[]
=>619,37200000.0,0.0,0,[],[]
=>620,37260000.0,0.0,0,[],[]
=>621,37320000.0,0.0,0,[],[]
=>622,37380000.0,0.0,0,[],[]
=>623,37440000.0,0.0,0,[],[]
=>624,37500000.0,0.0,0,[],[]
=>625,37560000.0,0.0,0,[],[]
=>626,37620000.0,0.0,0,[],[]
=>627,37680000.0,0.0,0,[],[]
=>628,37740000.0,0.0,0,[],[]
=>629,37800000.0,0.0,0,[],[]
=>630,37860000.0,0.0,0,[],[]
=>631,37920000.0,0.0,0,[],[]
=>632,37980000.0,0.0,0,[],[]
=>633,38040000.0,0.0,0,[],[]
=>634,38100000.0,0.0,0,[],[]
=>635,38160000.0,0.0,0,[],[]
=>636,38220000.0,0.0,0,[],[]
=>637,38280000.0,0.0,0,[],[]
=>638,38340000.0,0.0,0,[],[]
=>639,38400000.0,0.0,0,[],[]
=>640,38460000.0,0.0,0,[],[]
=>641,38520000.0,0.0,0,[],[]
=>642,38580000.0,0.0,0,[],[]
=>643,38640000.0,0.0,0,[],[]
=>644,38700000.0,0.0,0,[],[]
=>645,38760000.0,0.0,0,[],[]
=>646,38820000.0,0.0,0,[],[]
=>647,38880000.0,0.0,0,[],[]
=>648,38940000.0,0.0,0,[],[]
=>649,39000000.0,0.0,0,[],[]
=>650,39060000.0,0.0,0,[],[]
=>651,39120000.0,0.0,0,[],[]
=>652,39180000.0,0.0,0,[],[]
=>653,39240000.0,0.0,0,[],[]
=>654,39300000.0,0.0,0,[],[]
=>655,39360000.0,0.0,0,[],[]
=>656,39420000.0,0.0,0,[],[]
=>657,39480000.0,0.0,0,[],[]
=>658,39540000.0,0.0,0,[],[]
=>659,39600000.0,0.0,0,[],[]
=>660,39660000.0,0.0,0,[],[]
=>661,39720000.0,0.0,0,[],[]
=>662,39780000.0,0.0,0,[],[]
=>663,39840000.0,0.0,0,[],[]
=>664,39900000.0,0.0,0,[],[]
=>665,39960000.0,0.0,0,[],[]
=>666,40020000.0,0.0,0,[],[]
=>667,40080000.0,0.0,0,[],[]
=>668,40140000.0,0.0,0,[],[]
=>669,40200000.0,0.0,0,[],[]
=>670,40260000.0,0.0,0,[],[]
=>671,40320000.0,0.0,0,[],[]
=>672,40380000.0,0.0,0,[],[]
=>673,40440000.0,0.0,0,[],[]
=>674,40500000.0,0.0,0,[],[]
=>675,40560000.0,0.0,0,[],[]
=>676,40620000.0,0.0,0,[],[]
=>677,40680000.0,0.0,0,[],[]
=>678,40740000.0,0.0,0,[],[]
=>679,40800000.0,0.0,0,[],[]
=>680,40860000.0,0.0,0,[],[]
=>681,40920000.0,0.0,0,[],[]
=>682,40980000.0,0.0,0,[],[]
=>683,41040000.0,0.0,0,[],[]
=>684,41100000.0,0.0,0,[],[]
=>685,41160000.0,0.0,0,[],[]
=>686,41220000.0,0.0,0,[],[]
=>687,41280000.0,0.0,0,[],[]
=>688,41340000.0,0.0,0,[],[]
=>689,41400000.0,0.0,0,[],[]
=>690,41460000.0,0.0,0,[],[]
=>691,41520000.0,0.0,0,[],[]
=>692,41580000.0,0.0,0,[],[]
=>693,41640000.0,0.0,0,[],[]
=>694,41700000.0,0.0,0,[],[]
=>695,41760000.0,0.0,0,[],[]
=>696,41820000.0,0.0,0,[],[]
=>697,41880000.0,0.0,0,[],[]
=>698,41940000.0,0.0,0,[],[]
=>699,42000000.0,0.0,0,[],[]
=>700,42060000.0,0.0,0,[],[]
=>701,42120000.0,0.0,0,[],[]
=>702,42180000.0,0.0,0,[],[]
=>703,42240000.0,0.0,0,[],[]
=>704,42300000.0,0.0,0,[],[]
=>705,42360000.0,0.0,0,[],[]
=>706,42420000.0,0.0,0,[],[]
=>707,42480000.0,0.0,0,[],[]
=>708,42540000.0,0.0,0,[],[]
=>709,42600000.0,0.0,0,[],[]
=>710,42660000.0,0.0,0,[],[]
=>711,42720000.0,0.0,0,[],[]
=>712,42780000.0,0.0,0,[],[]
=>713,42840000.0,0.0,0,[],[]
=>714,42900000.0,0.0,0,[],[]
=>715,42960000.0,0.0,0,[],[]
=>716,43020000.0,0.0,0,[],[]
=>717,43080000.0,0.0,0,[],[]
=>718,43140000.0,0.0,0,[],[]
=>719,43200000.0,0.0,0,[],[]
=>720,43260000.0,0.0,0,[],[]
=>721,43320000.0,0.0,0,[],[]
=>722,43380000.0,0.0,0,[],[]
=>723,43440000.0,0.0,0,[],[]
=>724,43500000.0,0.0,0,[],[]
=>725,43560000.0,0.0,0,[],[]
=>726,43620000.0,0.0,0,[],[]
=>727,43680000.0,0.0,0,[],[]
=>728,43740000.0,0.0,0,[],[]
=>729,43800000.0,0.0,0,[],[]
=>730,43860000.0,0.0,0,[],[]
=>731,43920000.0,0.0,0,[],[]
=>732,43980000.0,0.0,0,[],[]
=>733,44040000.0,0.0,0,[],[]
=>734,44100000.0,0.0,0,[],[]
=>735,44160000.0,0.0,0,[],[]
=>736,44220000.0,0.0,0,[],[]
=>737,44280000.0,0.0,0,[],[]
=>738,44340000.0,0.0,0,[],[]
=>739,44400000.0,0.0,0,[],[]
=>740,44460000.0,0.0,0,[],[]
=>741,44520000.0,0.0,0,[],[]
=>742,44580000.0,0.0,0,[],[]
=>743,44640000.0,0.0,0,[],[]
=>744,44700000.0,0.0,0,[],[]
=>745,44760000.0,0.0,0,[],[]
=>746,44820000.0,0.0,0,[],[]
=>747,44880000.0,0.0,0,[],[]
=>748,44940000.0,0.0,0,[],[]
=>749,45000000.0,0.0,0,[],[]
=>750,45060000.0,0.0,0,[],[]
=>751,45120000.0,0.0,0,[],[]
=>752,45180000.0,0.0,0,[],[]
=>753,45240000.0,0.0,0,[],[]
=>754,45300000.0,0.0,0,[],[]
=>755,45360000.0,0.0,0,[],[]
=>756,45420000.0,0.0,0,[],[]
=>757,45480000.0,0.0,0,[],[]
=>758,45540000.0,0.0,0,[],[]
=>759,45600000.0,0.0,0,[],[]
=>760,45660000.0,0.0,0,[],[]
=>761,45720000.0,0.0,0,[],[]
=>762,45780000.0,0.0,0,[],[]
=>763,45840000.0,0.0,0,[],[]
=>764,45900000.0,0.0,0,[],[]
=>765,45960000.0,0.0,0,[],[]
=>766,46020000.0,0.0,0,[],[]
=>767,46080000.0,0.0,0,[],[]
=>768,46140000.0,0.0,0,[],[]
=>769,46200000.0,0.0,0,[],[]
=>770,46260000.0,0.0,0,[],[]
=>771,46320000.0,0.0,0,[],[]
=>772,46380000.0,0.0,0,[],[]
=>773,46440000.0,0.0,0,[],[]
=>774,46500000.0,0.0,0,[],[]
=>775,46560000.0,0.0,0,[],[]
=>776,46620000.0,0.0,0,[],[]
=>777,46680000.0,0.0,0,[],[]
=>778,46740000.0,0.0,0,[],[]
=>779,46800000.0,0.0,0,[],[]
=>780,46860000.0,0.0,0,[],[]
=>781,46920000.0,0.0,0,[],[]
=>782,46980000.0,0.0,0,[],[]
=>783,47040000.0,0.0,0,[],[]
=>784,47100000.0,0.0,0,[],[]
=>785,47160000.0,0.0,0,[],[]
=>786,47220000.0,0.0,0,[],[]
=>787,47280000.0,0.0,0,[],[]
=>788,47340000.0,0.0,0,[],[]
=>789,47400000.0,0.0,0,[],[]
=>790,47460000.0,0.0,0,[],[]
=>791,47520000.0,0.0,0,[],[]
=>792,47580000.0,0.0,0,[],[]
=>793,47640000.0,0.0,0,[],[]
=>794,47700000.0,0.0,0,[],[]
=>795,47760000.0,0.0,0,[],[]
=>796,47820000.0,0.0,0,[],[]
=>797,47880000.0,0.0,0,[],[]
=>798,47940000.0,0.0,0,[],[]
=>799,48000000.0,0.0,0,[],[]
=>800,48060000.0,0.0,0,[],[]
=>801,48120000.0,0.0,0,[],[]
=>802,48180000.0,0.0,0,[],[]
=>803,48240000.0,0.0,0,[],[]
=>804,48300000.0,0.0,0,[],[]
=>805,48360000.0,0.0,0,[],[]
=>806,48420000.0,0.0,0,[],[]
=>807,48480000.0,0.0,0,[],[]
=>808,48540000.0,0.0,0,[],[]
=>809,48600000.0,0.0,0,[],[]
=>810,48660000.0,0.0,0,[],[]
=>811,48720000.0,0.0,0,[],[]
=>812,48780000.0,0.0,0,[],[]
=>813,48840000.0,0.0,0,[],[]
=>814,48900000.0,0.0,0,[],[]
=>815,48960000.0,0.0,0,[],[]
=>816,49020000.0,0.0,0,[],[]
=>817,49080000.0,0.0,0,[],[]
=>818,49140000.0,0.0,0,[],[]
=>819,49200000.0,0.0,0,[],[]
=>820,49260000.0,0.0,0,[],[]
=>821,49320000.0,0.0,0,[],[]
=>822,49380000.0,0.0,0,[],[]
=>823,49440000.0,0.0,0,[],[]
=>824,49500000.0,0.0,0,[],[]
=>825,49560000.0,0.0,0,[],[]
=>826,49620000.0,0.0,0,[],[]
=>827,49680000.0,0.0,0,[],[]
=>828,49740000.0,0.0,0,[],[]
=>829,49800000.0,0.0,0,[],[]
=>830,49860000.0,0.0,0,[],[]
=>831,49920000.0,0.0,0,[],[]
=>832,49980000.0,0.0,0,[],[]
=>833,50040000.0,0.0,0,[],[]
=>834,50100000.0,0.0,0,[],[]
=>835,50160000.0,0.0,0,[],[]
=>836,50220000.0,0.0,0,[],[]
=>837,50280000.0,0.0,0,[],[]
=>838,50340000.0,0.0,0,[],[]
=>839,50400000.0,0.0,0,[],[]
=>840,50460000.0,0.0,0,[],[]
=>841,50520000.0,0.0,0,[],[]
=>842,50580000.0,0.0,0,[],[]
=>843,50640000.0,0.0,0,[],[]
=>844,50700000.0,0.0,0,[],[]
=>845,50760000.0,0.0,0,[],[]
=>846,50820000.0,0.0,0,[],[]
=>847,50880000.0,0.0,0,[],[]
=>848,50940000.0,0.0,0,[],[]
=>849,51000000.0,0.0,0,[],[]
=>850,51060000.0,0.0,0,[],[]
=>851,51120000.0,0.0,0,[],[]
=>852,51180000.0,0.0,0,[],[]
=>853,51240000.0,0.0,0,[],[]
=>854,51300000.0,0.0,0,[],[]
=>855,51360000.0,0.0,0,[],[]
=>856,51420000.0,0.0,0,[],[]
=>857,51480000.0,0.0,0,[],[]
=>858,51540000.0,0.0,0,[],[]
=>859,51600000.0,0.0,0,[],[]
=>860,51660000.0,0.0,0,[],[]
=>861,51720000.0,0.0,0,[],[]
=>862,51780000.0,0.0,0,[],[]
=>863,51840000.0,0.0,0,[],[]
=>864,51900000.0,0.0,0,[],[]
=>865,51960000.0,0.0,0,[],[]
=>866,52020000.0,0.0,0,[],[]
=>867,52080000.0,0.0,0,[],[]
=>868,52140000.0,0.0,0,[],[]
=>869,52200000.0,0.0,0,[],[]
=>870,52260000.0,0.0,0,[],[]
=>871,52320000.0,0.0,0,[],[]
=>872,52380000.0,0.0,0,[],[]
=>873,52440000.0,0.0,0,[],[]
=>874,52500000.0,0.0,0,[],[]
=>875,52560000.0,0.0,0,[],[]
=>876,52620000.0,0.0,0,[],[]
=>877,52680000.0,0.0,0,[],[]
=>878,52740000.0,0.0,0,[],[]
=>879,52800000.0,0.0,0,[],[]
=>880,52860000.0,0.0,0,[],[]
=>881,52920000.0,0.0,0,[],[]
=>882,52980000.0,0.0,0,[],[]
=>883,53040000.0,0.0,0,[],[]
=>884,53100000.0,0.0,0,[],[]
=>885,53160000.0,0.0,0,[],[]
=>886,53220000.0,0.0,0,[],[]
=>887,53280000.0,0.0,0,[],[]
=>888,53340000.0,0.0,0,[],[]
=>889,53400000.0,0.0,0,[],[]
=>890,53460000.0,0.0,0,[],[]
=>891,53520000.0,0.0,0,[],[]
=>892,53580000.0,0.0,0,[],[]
=>893,53640000.0,0.0,0,[],[]
=>894,53700000.0,0.0,0,[],[]
=>895,53760000.0,0.0,0,[],[]
=>896,53820000.0,0.0,0,[],[]
=>897,53880000.0,0.0,0,[],[]
=>898,53940000.0,0.0,0,[],[]
=>899,54000000.0,0.0,0,[],[]
=>900,54060000.0,0.0,0,[],[]
=>901,54120000.0,0.0,0,[],[]
=>902,54180000.0,0.0,0,[],[]
=>903,54240000.0,0.0,0,[],[]
=>904,54300000.0,0.0,0,[],[]
=>905,54360000.0,0.0,0,[],[]
=>906,54420000.0,0.0,0,[],[]
=>907,54480000.0,0.0,0,[],[]
=>908,54540000.0,0.0,0,[],[]
=>909,54600000.0,0.0,0,[],[]
=>910,54660000.0,0.0,0,[],[]
=>911,54720000.0,0.0,0,[],[]
=>912,54780000.0,0.0,0,[],[]
=>913,54840000.0,0.0,0,[],[]
=>914,54900000.0,0.0,0,[],[]
=>915,54960000.0,0.0,0,[],[]
=>916,55020000.0,0.0,0,[],[]
=>917,55080000.0,0.0,0,[],[]
=>918,55140000.0,0.0,0,[],[]
=>919,55200000.0,0.0,0,[],[]
=>920,55260000.0,0.0,0,[],[]
=>921,55320000.0,0.0,0,[],[]
=>922,55380000.0,0.0,0,[],[]
=>923,55440000.0,0.0,0,[],[]
=>924,55500000.0,0.0,0,[],[]
=>925,55560000.0,0.0,0,[],[]
=>926,55620000.0,0.0,0,[],[]
=>927,55680000.0,0.0,0,[],[]
=>928,55740000.0,0.0,0,[],[]
=>929,55800000.0,0.0,0,[],[]
=>930,55860000.0,0.0,0,[],[]
=>931,55920000.0,0.0,0,[],[]
=>932,55980000.0,0.0,0,[],[]
=>933,56040000.0,0.0,0,[],[]
=>934,56100000.0,0.0,0,[],[]
=>935,56160000.0,0.0,0,[],[]
=>936,56220000.0,0.0,0,[],[]
=>937,56280000.0,0.0,0,[],[]
=>938,56340000.0,0.0,0,[],[]
=>939,56400000.0,0.0,0,[],[]
=>940,56460000.0,0.0,0,[],[]
=>941,56520000.0,0.0,0,[],[]
=>942,56580000.0,0.0,0,[],[]
=>943,56640000.0,0.0,0,[],[]
=>944,56700000.0,0.0,0,[],[]
=>945,56760000.0,0.0,0,[],[]
=>946,56820000.0,0.0,0,[],[]
=>947,56880000.0,0.0,0,[],[]
=>948,56940000.0,0.0,0,[],[]
=>949,57000000.0,0.0,0,[],[]
=>950,57060000.0,0.0,0,[],[]
=>951,57120000.0,0.0,0,[],[]
=>952,57180000.0,0.0,0,[],[]
=>953,57240000.0,0.0,0,[],[]
=>954,57300000.0,0.0,0,[],[]
=>955,57360000.0,0.0,0,[],[]
=>956,57420000.0,0.0,0,[],[]
=>957,57480000.0,0.0,0,[],[]
=>958,57540000.0,0.0,0,[],[]
=>959,57600000.0,0.0,0,[],[]
=>960,57660000.0,0.0,0,[],[]
=>961,57720000.0,0.0,0,[],[]
=>962,57780000.0,0.0,0,[],[]
=>963,57840000.0,0.0,0,[],[]
=>964,57900000.0,0.0,0,[],[]
=>965,57960000.0,0.0,0,[],[]
=>966,58020000.0,0.0,0,[],[]
=>967,58080000.0,0.0,0,[],[]
=>968,58140000.0,0.0,0,[],[]
=>969,58200000.0,0.0,0,[],[]
=>970,58260000.0,0.0,0,[],[]
=>971,58320000.0,0.0,0,[],[]
=>972,58380000.0,0.0,0,[],[]
=>973,58440000.0,0.0,0,[],[]
=>974,58500000.0,0.0,0,[],[]
=>975,58560000.0,0.0,0,[],[]
=>976,58620000.0,0.0,0,[],[]
=>977,58680000.0,0.0,0,[],[]
=>978,58740000.0,0.0,0,[],[]
=>979,58800000.0,0.0,0,[],[]
=>980,58860000.0,0.0,0,[],[]
=>981,58920000.0,0.0,0,[],[]
=>982,58980000.0,0.0,0,[],[]
=>983,59040000.0,0.0,0,[],[]
=>984,59100000.0,0.0,0,[],[]
=>985,59160000.0,0.0,0,[],[]
=>986,59220000.0,0.0,0,[],[]
=>987,59280000.0,0.0,0,[],[]
=>988,59340000.0,0.0,0,[],[]
=>989,59400000.0,0.0,0,[],[]
=>990,59460000.0,0.0,0,[],[]
=>991,59520000.0,0.0,0,[],[]
=>992,59580000.0,0.0,0,[],[]
=>993,59640000.0,0.0,0,[],[]
=>994,59700000.0,0.0,0,[],[]
=>995,59760000.0,0.0,0,[],[]
=>996,59820000.0,0.0,0,[],[]
=>997,59880000.0,0.0,0,[],[]
=>998,59940000.0,0.0,0,[],[]
=>999,60000000.0,0.0,0,[],[]
=>1000,60060000.0,0.0,0,[],[]
=>1001,60120000.0,0.0,0,[],[]
=>1002,60180000.0,0.0,0,[],[]
=>1003,60240000.0,0.0,0,[],[]
=>1004,60300000.0,0.0,0,[],[]
=>1005,60360000.0,0.0,0,[],[]
=>1006,60420000.0,0.0,0,[],[]
=>1007,60480000.0,0.0,0,[],[]
=>1008,60540000.0,0.0,0,[],[]
=>1009,60600000.0,0.0,0,[],[]
=>1010,60660000.0,0.0,0,[],[]
=>1011,60720000.0,0.0,0,[],[]
=>1012,60780000.0,0.0,0,[],[]
=>1013,60840000.0,0.0,0,[],[]
=>1014,60900000.0,0.0,0,[],[]
=>1015,60960000.0,0.0,0,[],[]
=>1016,61020000.0,0.0,0,[],[]
=>1017,61080000.0,0.0,0,[],[]
=>1018,61140000.0,0.0,0,[],[]
=>1019,61200000.0,0.0,0,[],[]
=>1020,61260000.0,0.0,0,[],[]
=>1021,61320000.0,0.0,0,[],[]
=>1022,61380000.0,0.0,0,[],[]
=>1023,61440000.0,0.0,0,[],[]
=>1024,61500000.0,0.0,0,[],[]
=>1025,61560000.0,0.0,0,[],[]
=>1026,61620000.0,0.0,0,[],[]
=>1027,61680000.0,0.0,0,[],[]
=>1028,61740000.0,0.0,0,[],[]
=>1029,61800000.0,0.0,0,[],[]
=>1030,61860000.0,0.0,0,[],[]
=>1031,61920000.0,0.0,0,[],[]
=>1032,61980000.0,0.0,0,[],[]
=>1033,62040000.0,0.0,0,[],[]
=>1034,62100000.0,0.0,0,[],[]
=>1035,62160000.0,0.0,0,[],[]
=>1036,62220000.0,0.0,0,[],[]
=>1037,62280000.0,0.0,0,[],[]
=>1038,62340000.0,0.0,0,[],[]
=>1039,62400000.0,0.0,0,[],[]
=>1040,62460000.0,0.0,0,[],[]
=>1041,62520000.0,0.0,0,[],[]
=>1042,62580000.0,0.0,0,[],[]
=>1043,62640000.0,0.0,0,[],[]
=>1044,62700000.0,0.0,0,[],[]
=>1045,62760000.0,0.0,0,[],[]
=>1046,62820000.0,0.0,0,[],[]
=>1047,62880000.0,0.0,0,[],[]
=>1048,62940000.0,0.0,0,[],[]
=>1049,63000000.0,0.0,0,[],[]
=>1050,63060000.0,0.0,0,[],[]
=>1051,63120000.0,0.0,0,[],[]
=>1052,63180000.0,0.0,0,[],[]
=>1053,63240000.0,0.0,0,[],[]
=>1054,63300000.0,0.0,0,[],[]
=>1055,63360000.0,0.0,0,[],[]
=>1056,63420000.0,0.0,0,[],[]
=>1057,63480000.0,0.0,0,[],[]
=>1058,63540000.0,0.0,0,[],[]
=>1059,63600000.0,0.0,0,[],[]
=>1060,63660000.0,0.0,0,[],[]
=>1061,63720000.0,0.0,0,[],[]
=>1062,63780000.0,0.0,0,[],[]
=>1063,63840000.0,0.0,0,[],[]
=>1064,63900000.0,0.0,0,[],[]
=>1065,63960000.0,0.0,0,[],[]
=>1066,64020000.0,0.0,0,[],[]
=>1067,64080000.0,0.0,0,[],[]
=>1068,64140000.0,0.0,0,[],[]
=>1069,64200000.0,0.0,0,[],[]
=>1070,64260000.0,0.0,0,[],[]
=>1071,64320000.0,0.0,0,[],[]
=>1072,64380000.0,0.0,0,[],[]
=>1073,64440000.0,0.0,0,[],[]
=>1074,64500000.0,0.0,0,[],[]
=>1075,64560000.0,0.0,0,[],[]
=>1076,64620000.0,0.0,0,[],[]
=>1077,64680000.0,0.0,0,[],[]
=>1078,64740000.0,0.0,0,[],[]
=>1079,64800000.0,0.0,0,[],[]
=>1080,64860000.0,0.0,0,[],[]
=>1081,64920000.0,0.0,0,[],[]
=>1082,64980000.0,0.0,0,[],[]
=>1083,65040000.0,0.0,0,[],[]
=>1084,65100000.0,0.0,0,[],[]
=>1085,65160000.0,0.0,0,[],[]
=>1086,65220000.0,0.0,0,[],[]
=>1087,65280000.0,0.0,0,[],[]
=>1088,65340000.0,0.0,0,[],[]
=>1089,65400000.0,0.0,0,[],[]
=>1090,65460000.0,0.0,0,[],[]
=>1091,65520000.0,0.0,0,[],[]
=>1092,65580000.0,0.0,0,[],[]
=>1093,65640000.0,0.0,0,[],[]
=>1094,65700000.0,0.0,0,[],[]
=>1095,65760000.0,0.0,0,[],[]
=>1096,65820000.0,0.0,0,[],[]
=>1097,65880000.0,0.0,0,[],[]
=>1098,65940000.0,0.0,0,[],[]
=>1099,66000000.0,0.0,0,[],[]
=>1100,66060000.0,0.0,0,[],[]
=>1101,66120000.0,0.0,0,[],[]
=>1102,66180000.0,0.0,0,[],[]
=>1103,66240000.0,0.0,0,[],[]
=>1104,66300000.0,0.0,0,[],[]
=>1105,66360000.0,0.0,0,[],[]
=>1106,66420000.0,0.0,0,[],[]
=>1107,66480000.0,0.0,0,[],[]
=>1108,66540000.0,0.0,0,[],[]
=>1109,66600000.0,0.0,0,[],[]
=>1110,66660000.0,0.0,0,[],[]
=>1111,66720000.0,0.0,0,[],[]
=>1112,66780000.0,0.0,0,[],[]
=>1113,66840000.0,0.0,0,[],[]
=>1114,66900000.0,0.0,0,[],[]
=>1115,66960000.0,0.0,0,[],[]
=>1116,67020000.0,0.0,0,[],[]
=>1117,67080000.0,0.0,0,[],[]
=>1118,67140000.0,0.0,0,[],[]
=>1119,67200000.0,0.0,0,[],[]
=>1120,67260000.0,0.0,0,[],[]
=>1121,67320000.0,0.0,0,[],[]
=>1122,67380000.0,0.0,0,[],[]
=>1123,67440000.0,0.0,0,[],[]
=>1124,67500000.0,0.0,0,[],[]
=>1125,67560000.0,0.0,0,[],[]
=>1126,67620000.0,0.0,0,[],[]
=>1127,67680000.0,0.0,0,[],[]
=>1128,67740000.0,0.0,0,[],[]
=>1129,67800000.0,0.0,0,[],[]
=>1130,67860000.0,0.0,0,[],[]
=>1131,67920000.0,0.0,0,[],[]
=>1132,67980000.0,0.0,0,[],[]
=>1133,68040000.0,0.0,0,[],[]
=>1134,68100000.0,0.0,0,[],[]
=>1135,68160000.0,0.0,0,[],[]
=>1136,68220000.0,0.0,0,[],[]
=>1137,68280000.0,0.0,0,[],[]
=>1138,68340000.0,0.0,0,[],[]
=>1139,68400000.0,0.0,0,[],[]
=>1140,68460000.0,0.0,0,[],[]
=>1141,68520000.0,0.0,0,[],[]
=>1142,68580000.0,0.0,0,[],[]
=>1143,68640000.0,0.0,0,[],[]
=>1144,68700000.0,0.0,0,[],[]
=>1145,68760000.0,0.0,0,[],[]
=>1146,68820000.0,0.0,0,[],[]
=>1147,68880000.0,0.0,0,[],[]
=>1148,68940000.0,0.0,0,[],[]
=>1149,69000000.0,0.0,0,[],[]
=>1150,69060000.0,0.0,0,[],[]
=>1151,69120000.0,0.0,0,[],[]
=>1152,69180000.0,0.0,0,[],[]
=>1153,69240000.0,0.0,0,[],[]
=>1154,69300000.0,0.0,0,[],[]
=>1155,69360000.0,0.0,0,[],[]
=>1156,69420000.0,0.0,0,[],[]
=>1157,69480000.0,0.0,0,[],[]
=>1158,69540000.0,0.0,0,[],[]
=>1159,69600000.0,0.0,0,[],[]
=>1160,69660000.0,0.0,0,[],[]
=>1161,69720000.0,0.0,0,[],[]
=>1162,69780000.0,0.0,0,[],[]
=>1163,69840000.0,0.0,0,[],[]
=>1164,69900000.0,0.0,0,[],[]
=>1165,69960000.0,0.0,0,[],[]
=>1166,70020000.0,0.0,0,[],[]
=>1167,70080000.0,0.0,0,[],[]
=>1168,70140000.0,0.0,0,[],[]
=>1169,70200000.0,0.0,0,[],[]
=>1170,70260000.0,0.0,0,[],[]
=>1171,70320000.0,0.0,0,[],[]
=>1172,70380000.0,0.0,0,[],[]
=>1173,70440000.0,0.0,0,[],[]
=>1174,70500000.0,0.0,0,[],[]
=>1175,70560000.0,0.0,0,[],[]
=>1176,70620000.0,0.0,0,[],[]
=>1177,70680000.0,0.0,0,[],[]
=>1178,70740000.0,0.0,0,[],[]
=>1179,70800000.0,0.0,0,[],[]
=>1180,70860000.0,0.0,0,[],[]
=>1181,70920000.0,0.0,0,[],[]
=>1182,70980000.0,0.0,0,[],[]
=>1183,71040000.0,0.0,0,[],[]
=>1184,71100000.0,0.0,0,[],[]
=>1185,71160000.0,0.0,0,[],[]
=>1186,71220000.0,0.0,0,[],[]
=>1187,71280000.0,0.0,0,[],[]
=>1188,71340000.0,0.0,0,[],[]
=>1189,71400000.0,0.0,0,[],[]
=>1190,71460000.0,0.0,0,[],[]
=>1191,71520000.0,0.0,0,[],[]
=>1192,71580000.0,0.0,0,[],[]
=>1193,71640000.0,0.0,0,[],[]
=>1194,71700000.0,0.0,0,[],[]
=>1195,71760000.0,0.0,0,[],[]
=>1196,71820000.0,0.0,0,[],[]
=>1197,71880000.0,0.0,0,[],[]
=>1198,71940000.0,0.0,0,[],[]
=>1199,72000000.0,0.0,0,[],[]
=>1200,72060000.0,0.0,0,[],[]
=>1201,72120000.0,0.0,0,[],[]
=>1202,72180000.0,0.0,0,[],[]
=>1203,72240000.0,0.0,0,[],[]
=>1204,72300000.0,0.0,0,[],[]
=>1205,72360000.0,0.0,0,[],[]
=>1206,72420000.0,0.0,0,[],[]
=>1207,72480000.0,0.0,0,[],[]
=>1208,72540000.0,0.0,0,[],[]
=>1209,72600000.0,0.0,0,[],[]
=>1210,72660000.0,0.0,0,[],[]
=>1211,72720000.0,0.0,0,[],[]
=>1212,72780000.0,0.0,0,[],[]
=>1213,72840000.0,0.0,0,[],[]
=>1214,72900000.0,0.0,0,[],[]
=>1215,72960000.0,0.0,0,[],[]
=>1216,73020000.0,0.0,0,[],[]
=>1217,73080000.0,0.0,0,[],[]
=>1218,73140000.0,0.0,0,[],[]
=>1219,73200000.0,0.0,0,[],[]
=>1220,73260000.0,0.0,0,[],[]
=>1221,73320000.0,0.0,0,[],[]
=>1222,73380000.0,0.0,0,[],[]
=>1223,73440000.0,0.0,0,[],[]
=>1224,73500000.0,0.0,0,[],[]
=>1225,73560000.0,0.0,0,[],[]
=>1226,73620000.0,0.0,0,[],[]
=>1227,73680000.0,0.0,0,[],[]
=>1228,73740000.0,0.0,0,[],[]
=>1229,73800000.0,0.0,0,[],[]
=>1230,73860000.0,0.0,0,[],[]
=>1231,73920000.0,0.0,0,[],[]
=>1232,73980000.0,0.0,0,[],[]
=>1233,74040000.0,0.0,0,[],[]
=>1234,74100000.0,0.0,0,[],[]
=>1235,74160000.0,0.0,0,[],[]
=>1236,74220000.0,0.0,0,[],[]
=>1237,74280000.0,0.0,0,[],[]
=>1238,74340000.0,0.0,0,[],[]
=>1239,74400000.0,0.0,0,[],[]
=>1240,74460000.0,0.0,0,[],[]
=>1241,74520000.0,0.0,0,[],[]
=>1242,74580000.0,0.0,0,[],[]
=>1243,74640000.0,0.0,0,[],[]
=>1244,74700000.0,0.0,0,[],[]
=>1245,74760000.0,0.0,0,[],[]
=>1246,74820000.0,0.0,0,[],[]
=>1247,74880000.0,0.0,0,[],[]
=>1248,74940000.0,0.0,0,[],[]
=>1249,75000000.0,0.0,0,[],[]
=>1250,75060000.0,0.0,0,[],[]
=>1251,75120000.0,0.0,0,[],[]
=>1252,75180000.0,0.0,0,[],[]
=>1253,75240000.0,0.0,0,[],[]
=>1254,75300000.0,0.0,0,[],[]
=>1255,75360000.0,0.0,0,[],[]
=>1256,75420000.0,0.0,0,[],[]
=>1257,75480000.0,0.0,0,[],[]
=>1258,75540000.0,0.0,0,[],[]
=>1259,75600000.0,0.0,0,[],[]
=>1260,75660000.0,0.0,0,[],[]
=>1261,75720000.0,0.0,0,[],[]
=>1262,75780000.0,0.0,0,[],[]
=>1263,75840000.0,0.0,0,[],[]
=>1264,75900000.0,0.0,0,[],[]
=>1265,75960000.0,0.0,0,[],[]
=>1266,76020000.0,0.0,0,[],[]
=>1267,76080000.0,0.0,0,[],[]
=>1268,76140000.0,0.0,0,[],[]
=>1269,76200000.0,0.0,0,[],[]
=>1270,76260000.0,0.0,0,[],[]
=>1271,76320000.0,0.0,0,[],[]
=>1272,76380000.0,0.0,0,[],[]
=>1273,76440000.0,0.0,0,[],[]
=>1274,76500000.0,0.0,0,[],[]
=>1275,76560000.0,0.0,0,[],[]
=>1276,76620000.0,0.0,0,[],[]
=>1277,76680000.0,0.0,0,[],[]
=>1278,76740000.0,0.0,0,[],[]
=>1279,76800000.0,0.0,0,[],[]
=>1280,76860000.0,0.0,0,[],[]
=>1281,76920000.0,0.0,0,[],[]
=>1282,76980000.0,0.0,0,[],[]
=>1283,77040000.0,0.0,0,[],[]
=>1284,77100000.0,0.0,0,[],[]
=>1285,77160000.0,0.0,0,[],[]
=>1286,77220000.0,0.0,0,[],[]
=>1287,77280000.0,0.0,0,[],[]
=>1288,77340000.0,0.0,0,[],[]
=>1289,77400000.0,0.0,0,[],[]
=>1290,77460000.0,0.0,0,[],[]
=>1291,77520000.0,0.0,0,[],[]
=>1292,77580000.0,0.0,0,[],[]
=>1293,77640000.0,0.0,0,[],[]
=>1294,77700000.0,0.0,0,[],[]
=>1295,77760000.0,0.0,0,[],[]
=>1296,77820000.0,0.0,0,[],[]
=>1297,77880000.0,0.0,0,[],[]
=>1298,77940000.0,0.0,0,[],[]
=>1299,78000000.0,0.0,0,[],[]
=>1300,78060000.0,0.0,0,[],[]
=>1301,78120000.0,0.0,0,[],[]
=>1302,78180000.0,0.0,0,[],[]
=>1303,78240000.0,0.0,0,[],[]
=>1304,78300000.0,0.0,0,[],[]
=>1305,78360000.0,0.0,0,[],[]
=>1306,78420000.0,0.0,0,[],[]
=>1307,78480000.0,0.0,0,[],[]
=>1308,78540000.0,0.0,0,[],[]
=>1309,78600000.0,0.0,0,[],[]
=>1310,78660000.0,0.0,0,[],[]
=>1311,78720000.0,0.0,0,[],[]
=>1312,78780000.0,0.0,0,[],[]
=>1313,78840000.0,0.0,0,[],[]
=>1314,78900000.0,0.0,0,[],[]
=>1315,78960000.0,0.0,0,[],[]
=>1316,79020000.0,0.0,0,[],[]
=>1317,79080000.0,0.0,0,[],[]
=>1318,79140000.0,0.0,0,[],[]
=>1319,79200000.0,0.0,0,[],[]
=>1320,79260000.0,0.0,0,[],[]
=>1321,79320000.0,0.0,0,[],[]
=>1322,79380000.0,0.0,0,[],[]
=>1323,79440000.0,0.0,0,[],[]
=>1324,79500000.0,0.0,0,[],[]
=>1325,79560000.0,0.0,0,[],[]
=>1326,79620000.0,0.0,0,[],[]
=>1327,79680000.0,0.0,0,[],[]
=>1328,79740000.0,0.0,0,[],[]
=>1329,79800000.0,0.0,0,[],[]
=>1330,79860000.0,0.0,0,[],[]
=>1331,79920000.0,0.0,0,[],[]
=>1332,79980000.0,0.0,0,[],[]
=>1333,80040000.0,0.0,0,[],[]
=>1334,80100000.0,0.0,0,[],[]
=>1335,80160000.0,0.0,0,[],[]
=>1336,80220000.0,0.0,0,[],[]
=>1337,80280000.0,0.0,0,[],[]
=>1338,80340000.0,0.0,0,[],[]
=>1339,80400000.0,0.0,0,[],[]
=>1340,80460000.0,0.0,0,[],[]
=>1341,80520000.0,0.0,0,[],[]
=>1342,80580000.0,0.0,0,[],[]
=>1343,80640000.0,0.0,0,[],[]
=>1344,80700000.0,0.0,0,[],[]
=>1345,80760000.0,0.0,0,[],[]
=>1346,80820000.0,0.0,0,[],[]
=>1347,80880000.0,0.0,0,[],[]
=>1348,80940000.0,0.0,0,[],[]
=>1349,81000000.0,0.0,0,[],[]
=>1350,81060000.0,0.0,0,[],[]
=>1351,81120000.0,0.0,0,[],[]
=>1352,81180000.0,0.0,0,[],[]
=>1353,81240000.0,0.0,0,[],[]
=>1354,81300000.0,0.0,0,[],[]
=>1355,81360000.0,0.0,0,[],[]
=>1356,81420000.0,0.0,0,[],[]
=>1357,81480000.0,0.0,0,[],[]
=>1358,81540000.0,0.0,0,[],[]
=>1359,81600000.0,0.0,0,[],[]
=>1360,81660000.0,0.0,0,[],[]
=>1361,81720000.0,0.0,0,[],[]
=>1362,81780000.0,0.0,0,[],[]
=>1363,81840000.0,0.0,0,[],[]
=>1364,81900000.0,0.0,0,[],[]
=>1365,81960000.0,0.0,0,[],[]
=>1366,82020000.0,0.0,0,[],[]
=>1367,82080000.0,0.0,0,[],[]
=>1368,82140000.0,0.0,0,[],[]
=>1369,82200000.0,0.0,0,[],[]
=>1370,82260000.0,0.0,0,[],[]
=>1371,82320000.0,0.0,0,[],[]
=>1372,82380000.0,0.0,0,[],[]
=>1373,82440000.0,0.0,0,[],[]
=>1374,82500000.0,0.0,0,[],[]
=>1375,82560000.0,0.0,0,[],[]
=>1376,82620000.0,0.0,0,[],[]
=>1377,82680000.0,0.0,0,[],[]
=>1378,82740000.0,0.0,0,[],[]
=>1379,82800000.0,0.0,0,[],[]
=>1380,82860000.0,0.0,0,[],[]
=>1381,82920000.0,0.0,0,[],[]
=>1382,82980000.0,0.0,0,[],[]
=>1383,83040000.0,0.0,0,[],[]
=>1384,83100000.0,0.0,0,[],[]
=>1385,83160000.0,0.0,0,[],[]
=>1386,83220000.0,0.0,0,[],[]
=>1387,83280000.0,0.0,0,[],[]
=>1388,83340000.0,0.0,0,[],[]
=>1389,83400000.0,0.0,0,[],[]
=>1390,83460000.0,0.0,0,[],[]
=>1391,83520000.0,0.0,0,[],[]
=>1392,83580000.0,0.0,0,[],[]
=>1393,83640000.0,0.0,0,[],[]
=>1394,83700000.0,0.0,0,[],[]
=>3,274230000.0,0.0,0,[],[]
=>4,274236000.0,0.0,0,[],[]
=>5,274242000.0,0.0,0,[],[]
=>6,274248000.0,0.0,0,[],[]
=>7,274254000.0,0.0,0,[],[]
=>8,274260000.0,0.0,0,[],[]
=>9,274266000.0,0.0,0,[],[]
=>10,274272000.0,0.0,0,[],[]
=>11,274278000.0,0.0,0,[],[]
=>12,274284000.0,0.0,0,[],[]
=>13,274290000.0,0.0,0,[],[]
=>14,274296000.0,0.0,0,[],[]
=>15,274302000.0,0.0,0,[],[]
=>16,274308000.0,0.0,0,[],[]
=>17,274314000.0,0.0,0,[],[]
=>18,274320000.0,0.0,0,[],[]
=>19,274326000.0,0.0,0,[],[]
=>20,274332000.0,0.0,0,[],[]
=>21,274338000.0,0.0,0,[],[]
=>22,274344000.0,0.0,0,[],[]
=>23,274350000.0,0.0,0,[],[]
=>24,274356000.0,0.0,0,[],[]
=>25,274362000.0,0.0,0,[],[]
=>26,274368000.0,0.0,0,[],[]
=>27,274374000.0,0.0,0,[],[]
=>28,274380000.0,0.0,0,[],[]
=>29,274386000.0,0.0,0,[],[]
=>30,274392000.0,0.0,0,[],[]
=>31,274398000.0,0.0,0,[],[]
=>32,274404000.0,0.0,0,[],[]
=>33,274410000.0,0.0,0,[],[]
=>34,274416000.0,0.0,0,[],[]
=>35,274422000.0,0.0,0,[],[]
=>36,274428000.0,0.0,0,[],[]
=>37,274434000.0,0.0,0,[],[]
=>38,274440000.0,0.0,0,[],[]
=>39,274446000.0,0.0,0,[],[]
=>40,274452000.0,0.0,0,[],[]
=>41,274458000.0,0.0,0,[],[]
=>42,274464000.0,0.0,0,[],[]
=>43,274470000.0,0.0,0,[],[]
=>44,274476000.0,0.0,0,[],[]
=>45,274482000.0,0.0,0,[],[]
=>46,274488000.0,0.0,0,[],[]
=>47,274494000.0,0.0,0,[],[]
=>48,274500000.0,0.0,0,[],[]
=>49,274506000.0,0.0,0,[],[]
=>50,274512000.0,0.0,0,[],[]
=>51,274518000.0,0.0,0,[],[]
=>52,274524000.0,0.0,0,[],[]
=>53,274530000.0,0.0,0,[],[]
=>54,274536000.0,0.0,0,[],[]
=>55,274542000.0,0.0,0,[],[]
=>56,274548000.0,0.0,0,[],[]
=>57,274554000.0,0.0,0,[],[]
=>58,274560000.0,0.0,0,[],[]
=>59,274566000.0,0.0,0,[],[]
=>60,274572000.0,0.0,0,[],[]
=>61,274578000.0,0.0,0,[],[]
=>62,274584000.0,0.0,0,[],[]
=>63,274590000.0,0.0,0,[],[]
=>64,274596000.0,0.0,0,[],[]
=>65,274602000.0,0.0,0,[],[]
=>66,274608000.0,0.0,0,[],[]
=>67,274614000.0,0.0,0,[],[]
=>68,274620000.0,0.0,0,[],[]
=>69,274626000.0,0.0,0,[],[]
=>70,274632000.0,0.0,0,[],[]
=>71,274638000.0,0.0,0,[],[]
=>72,274644000.0,0.0,0,[],[]
=>73,274650000.0,0.0,0,[],[]
=>74,274656000.0,0.0,0,[],[]
=>75,274662000.0,0.0,0,[],[]
=>76,274668000.0,0.0,0,[],[]
=>77,274674000.0,0.0,0,[],[]
=>78,274680000.0,0.0,0,[],[]
=>79,274686000.0,0.0,0,[],[]
=>80,274692000.0,0.0,0,[],[]
=>81,274698000.0,0.0,0,[],[]
=>82,274704000.0,0.0,0,[],[]
=>83,274710000.0,0.0,0,[],[]
=>84,274716000.0,0.0,0,[],[]
=>85,274722000.0,0.0,0,[],[]
=>86,274728000.0,0.0,0,[],[]
=>87,274734000.0,0.0,0,[],[]
=>88,274740000.0,0.0,0,[],[]
=>89,274746000.0,0.0,0,[],[]
=>90,274752000.0,0.0,0,[],[]
=>91,274758000.0,0.0,0,[],[]
=>92,274764000.0,0.0,0,[],[]
=>93,274770000.0,0.0,0,[],[]
=>94,274776000.0,0.0,0,[],[]
=>95,274782000.0,0.0,0,[],[]
=>96,274788000.0,0.0,0,[],[]
=>97,274794000.0,0.0,0,[],[]
=>98,274800000.0,0.0,0,[],[]
=>99,274806000.0,0.0,0,[],[]
=>100,274812000.0,0.0,0,[],[]
=>101,274818000.0,0.0,0,[],[]
=>102,274824000.0,0.0,0,[],[]
=>103,274830000.0,0.0,0,[],[]
=>104,274836000.0,0.0,0,[],[]
=>105,274842000.0,0.0,0,[],[]
=>106,274848000.0,0.0,0,[],[]
=>107,274854000.0,0.0,0,[],[]
=>108,274860000.0,0.0,0,[],[]
=>109,274866000.0,0.0,0,[],[]
=>110,274872000.0,0.0,0,[],[]
=>111,274878000.0,0.0,0,[],[]
=>112,274884000.0,0.0,0,[],[]
=>113,274890000.0,0.0,0,[],[]
=>114,274896000.0,0.0,0,[],[]
=>115,274902000.0,0.0,0,[],[]
=>116,274908000.0,0.0,0,[],[]
=>117,274914000.0,0.0,0,[],[]
=>118,274920000.0,0.0,0,[],[]
=>119,274926000.0,0.0,0,[],[]
=>120,274932000.0,0.0,0,[],[]
=>121,274938000.0,0.0,0,[],[]
=>122,274944000.0,0.0,0,[],[]
=>123,274950000.0,0.0,0,[],[]
=>124,274956000.0,0.0,0,[],[]
=>125,274962000.0,0.0,0,[],[]
=>126,274968000.0,0.0,0,[],[]
=>127,274974000.0,0.0,0,[],[]
=>128,274980000.0,0.0,0,[],[]
=>129,274986000.0,0.0,0,[],[]
=>130,274992000.0,0.0,0,[],[]
=>131,274998000.0,0.0,0,[],[]
=>132,275004000.0,0.0,0,[],[]
=>133,275010000.0,0.0,0,[],[]
=>134,275016000.0,0.0,0,[],[]
=>135,275022000.0,0.0,0,[],[]
=>136,275028000.0,0.0,0,[],[]
=>137,275034000.0,0.0,0,[],[]
=>138,275040000.0,0.0,0,[],[]
=>139,275046000.0,0.0,0,[],[]
=>140,275052000.0,0.0,0,[],[]
=>141,275058000.0,0.0,0,[],[]
=>142,275064000.0,0.0,0,[],[]
=>143,275070000.0,0.0,0,[],[]
=>144,275076000.0,0.0,0,[],[]
=>145,275082000.0,0.0,0,[],[]
=>146,275088000.0,0.0,0,[],[]
=>147,275094000.0,0.0,0,[],[]
=>148,275100000.0,0.0,0,[],[]
=>149,275106000.0,0.0,0,[],[]
=>150,275112000.0,0.0,0,[],[]
=>151,275118000.0,0.0,0,[],[]
=>152,275124000.0,0.0,0,[],[]
=>153,275130000.0,0.0,0,[],[]
=>154,275136000.0,0.0,0,[],[]
=>155,275142000.0,0.0,0,[],[]
=>156,275148000.0,0.0,0,[],[]
=>157,275154000.0,0.0,0,[],[]
=>158,275160000.0,0.0,0,[],[]
=>159,275166000.0,0.0,0,[],[]
=>160,275172000.0,0.0,0,[],[]
=>161,275178000.0,0.0,0,[],[]
=>162,275184000.0,0.0,0,[],[]
=>163,275190000.0,0.0,0,[],[]
=>164,275196000.0,0.0,0,[],[]
=>165,275202000.0,0.0,0,[],[]
=>166,275208000.0,0.0,0,[],[]
=>167,275214000.0,0.0,0,[],[]
=>168,275220000.0,0.0,0,[],[]
=>169,275226000.0,0.0,0,[],[]
=>170,275232000.0,0.0,0,[],[]
=>171,275238000.0,0.0,0,[],[]
=>172,275244000.0,0.0,0,[],[]
=>173,275250000.0,0.0,0,[],[]
=>174,275256000.0,0.0,0,[],[]
=>175,275262000.0,0.0,0,[],[]
=>176,275268000.0,0.0,0,[],[]
=>177,275274000.0,0.0,0,[],[]
=>178,275280000.0,0.0,0,[],[]
=>179,275286000.0,0.0,0,[],[]
=>180,275292000.0,0.0,0,[],[]
=>181,275298000.0,0.0,0,[],[]
=>182,275304000.0,0.0,0,[],[]
=>183,275310000.0,0.0,0,[],[]
=>184,275316000.0,0.0,0,[],[]
=>185,275322000.0,0.0,0,[],[]
=>186,275328000.0,0.0,0,[],[]
=>187,275334000.0,0.0,0,[],[]
=>188,275340000.0,0.0,0,[],[]
=>189,275346000.0,0.0,0,[],[]
=>190,275352000.0,0.0,0,[],[]
=>191,275358000.0,0.0,0,[],[]
=>192,275364000.0,0.0,0,[],[]
=>193,275370000.0,0.0,0,[],[]
=>194,275376000.0,0.0,0,[],[]
=>195,275382000.0,0.0,0,[],[]
=>196,275388000.0,0.0,0,[],[]
=>197,275394000.0,0.0,0,[],[]
=>198,275400000.0,0.0,0,[],[]
=>199,275406000.0,0.0,0,[],[]
=>200,275412000.0,0.0,0,[],[]
=>201,275418000.0,0.0,0,[],[]
=>202,275424000.0,0.0,0,[],[]
=>203,275430000.0,0.0,0,[],[]
=>204,275436000.0,0.0,0,[],[]
=>205,275442000.0,0.0,0,[],[]
=>206,275448000.0,0.0,0,[],[]
=>207,275454000.0,0.0,0,[],[]
=>208,275460000.0,0.0,0,[],[]
=>209,275466000.0,0.0,0,[],[]
=>210,275472000.0,0.0,0,[],[]
=>211,275478000.0,0.0,0,[],[]
=>212,275484000.0,0.0,0,[],[]
=>213,275490000.0,0.0,0,[],[]
=>214,275496000.0,0.0,0,[],[]
=>215,275502000.0,0.0,0,[],[]
=>216,275508000.0,0.0,0,[],[]
=>217,275514000.0,0.0,0,[],[]
=>218,275520000.0,0.0,0,[],[]
=>219,275526000.0,0.0,0,[],[]
=>220,275532000.0,0.0,0,[],[]
=>221,275538000.0,0.0,0,[],[]
=>222,275544000.0,0.0,0,[],[]
=>223,275550000.0,0.0,0,[],[]
=>224,275556000.0,0.0,0,[],[]
=>225,275562000.0,0.0,0,[],[]
=>226,275568000.0,0.0,0,[],[]
=>227,275574000.0,0.0,0,[],[]
=>228,275580000.0,0.0,0,[],[]
=>229,275586000.0,0.0,0,[],[]
=>230,275592000.0,0.0,0,[],[]
=>231,275598000.0,0.0,0,[],[]
=>232,275604000.0,0.0,0,[],[]
=>233,275610000.0,0.0,0,[],[]
=>234,275616000.0,0.0,0,[],[]
=>235,275622000.0,0.0,0,[],[]
=>236,275628000.0,0.0,0,[],[]
=>237,275634000.0,0.0,0,[],[]
=>238,275640000.0,0.0,0,[],[]
=>239,275646000.0,0.0,0,[],[]
=>240,275652000.0,0.0,0,[],[]
=>241,275658000.0,0.0,0,[],[]
=>242,275664000.0,0.0,0,[],[]
=>243,275670000.0,0.0,0,[],[]
=>244,275676000.0,0.0,0,[],[]
=>245,275682000.0,0.0,0,[],[]
=>246,275688000.0,0.0,0,[],[]
=>247,275694000.0,0.0,0,[],[]
=>248,275700000.0,0.0,0,[],[]
=>249,275706000.0,0.0,0,[],[]
=>250,275712000.0,0.0,0,[],[]
=>251,275718000.0,0.0,0,[],[]
=>252,275724000.0,0.0,0,[],[]
=>253,275730000.0,0.0,0,[],[]
=>254,275736000.0,0.0,0,[],[]
=>255,275742000.0,0.0,0,[],[]
=>256,275748000.0,0.0,0,[],[]
=>257,275754000.0,0.0,0,[],[]
=>258,275760000.0,0.0,0,[],[]
=>259,275766000.0,0.0,0,[],[]
=>260,275772000.0,0.0,0,[],[]
=>261,275778000.0,0.0,0,[],[]
=>262,275784000.0,0.0,0,[],[]
=>263,275790000.0,0.0,0,[],[]
=>264,275796000.0,0.0,0,[],[]
=>265,275802000.0,0.0,0,[],[]
=>266,275808000.0,0.0,0,[],[]
=>267,275814000.0,0.0,0,[],[]
=>268,275820000.0,0.0,0,[],[]
=>269,275826000.0,0.0,0,[],[]
=>270,275832000.0,0.0,0,[],[]
=>271,275838000.0,0.0,0,[],[]
=>272,275844000.0,0.0,0,[],[]
=>273,275850000.0,0.0,0,[],[]
=>274,275856000.0,0.0,0,[],[]
=>275,275862000.0,0.0,0,[],[]
=>276,275868000.0,0.0,0,[],[]
=>277,275874000.0,0.0,0,[],[]
=>278,275880000.0,0.0,0,[],[]
=>279,275886000.0,0.0,0,[],[]
=>280,275892000.0,0.0,0,[],[]
=>281,275898000.0,0.0,0,[],[]
=>282,275904000.0,0.0,0,[],[]
=>283,275910000.0,0.0,0,[],[]
=>284,275916000.0,0.0,0,[],[]
=>285,275922000.0,0.0,0,[],[]
=>286,275928000.0,0.0,0,[],[]
=>287,275934000.0,0.0,0,[],[]
=>288,275940000.0,0.0,0,[],[]
=>289,275946000.0,0.0,0,[],[]
=>290,275952000.0,0.0,0,[],[]
=>291,275958000.0,0.0,0,[],[]
=>292,275964000.0,0.0,0,[],[]
=>293,275970000.0,0.0,0,[],[]
=>294,275976000.0,0.0,0,[],[]
=>295,275982000.0,0.0,0,[],[]
=>296,275988000.0,0.0,0,[],[]
=>297,275994000.0,0.0,0,[],[]
=>298,276000000.0,0.0,0,[],[]
=>299,276006000.0,0.0,0,[],[]
=>300,276012000.0,0.0,0,[],[]
=>301,276018000.0,0.0,0,[],[]
=>302,276024000.0,0.0,0,[],[]
=>303,276030000.0,0.0,0,[],[]
=>304,276036000.0,0.0,0,[],[]
=>305,276042000.0,0.0,0,[],[]
=>306,276048000.0,0.0,0,[],[]
=>307,276054000.0,0.0,0,[],[]
=>308,276060000.0,0.0,0,[],[]
=>309,276066000.0,0.0,0,[],[]
=>310,276072000.0,0.0,0,[],[]
=>311,276078000.0,0.0,0,[],[]
=>312,276084000.0,0.0,0,[],[]
=>313,276090000.0,0.0,0,[],[]
=>314,276096000.0,0.0,0,[],[]
=>315,276102000.0,0.0,0,[],[]
=>316,276108000.0,0.0,0,[],[]
=>317,276114000.0,0.0,0,[],[]
=>318,276120000.0,0.0,0,[],[]
=>319,276126000.0,0.0,0,[],[]
=>320,276132000.0,0.0,0,[],[]
=>321,276138000.0,0.0,0,[],[]
=>322,276144000.0,0.0,0,[],[]
=>323,276150000.0,0.0,0,[],[]
=>324,276156000.0,0.0,0,[],[]
=>325,276162000.0,0.0,0,[],[]
=>326,276168000.0,0.0,0,[],[]
=>327,276174000.0,0.0,0,[],[]
=>328,276180000.0,0.0,0,[],[]
=>329,276186000.0,0.0,0,[],[]
=>330,276192000.0,0.0,0,[],[]
=>331,276198000.0,0.0,0,[],[]
=>332,276204000.0,0.0,0,[],[]
=>333,276210000.0,0.0,0,[],[]
=>334,276216000.0,0.0,0,[],[]
=>335,276222000.0,0.0,0,[],[]
=>336,276228000.0,0.0,0,[],[]
=>337,276234000.0,0.0,0,[],[]
=>338,276240000.0,0.0,0,[],[]
=>339,276246000.0,0.0,0,[],[]
=>340,276252000.0,0.0,0,[],[]
=>341,276258000.0,0.0,0,[],[]
=>342,276264000.0,0.0,0,[],[]
=>343,276270000.0,0.0,0,[],[]
=>344,276276000.0,0.0,0,[],[]
=>345,276282000.0,0.0,0,[],[]
=>346,276288000.0,0.0,0,[],[]
=>347,276294000.0,0.0,0,[],[]
=>348,276300000.0,0.0,0,[],[]
=>349,276306000.0,0.0,0,[],[]
=>350,276312000.0,0.0,0,[],[]
=>351,276318000.0,0.0,0,[],[]
=>352,276324000.0,0.0,0,[],[]
=>353,276330000.0,0.0,0,[],[]
=>354,276336000.0,0.0,0,[],[]
=>355,276342000.0,0.0,0,[],[]
=>356,276348000.0,0.0,0,[],[]
=>357,276354000.0,0.0,0,[],[]
=>358,276360000.0,0.0,0,[],[]
=>359,276366000.0,0.0,0,[],[]
=>360,276372000.0,0.0,0,[],[]
=>361,276378000.0,0.0,0,[],[]
=>362,276384000.0,0.0,0,[],[]
=>363,276390000.0,0.0,0,[],[]
=>364,276396000.0,0.0,0,[],[]
=>365,276402000.0,0.0,0,[],[]
=>366,276408000.0,0.0,0,[],[]
=>367,276414000.0,0.0,0,[],[]
=>368,276420000.0,0.0,0,[],[]
=>369,276426000.0,0.0,0,[],[]
=>370,276432000.0,0.0,0,[],[]
=>371,276438000.0,0.0,0,[],[]
=>372,276444000.0,0.0,0,[],[]
=>373,276450000.0,0.0,0,[],[]
=>374,276456000.0,0.0,0,[],[]
=>375,276462000.0,0.0,0,[],[]
=>376,276468000.0,0.0,0,[],[]
=>377,276474000.0,0.0,0,[],[]
=>378,276480000.0,0.0,0,[],[]
=>379,276486000.0,0.0,0,[],[]
=>380,276492000.0,0.0,0,[],[]
=>381,276498000.0,0.0,0,[],[]
=>382,276504000.0,0.0,0,[],[]
=>383,276510000.0,0.0,0,[],[]
=>384,276516000.0,0.0,0,[],[]
=>385,276522000.0,0.0,0,[],[]
=>386,276528000.0,0.0,0,[],[]
=>387,276534000.0,0.0,0,[],[]
=>388,276540000.0,0.0,0,[],[]
=>389,276546000.0,0.0,0,[],[]
=>390,276552000.0,0.0,0,[],[]
=>391,276558000.0,0.0,0,[],[]
=>392,276564000.0,0.0,0,[],[]
=>393,276570000.0,0.0,0,[],[]
=>394,276576000.0,0.0,0,[],[]
=>395,276582000.0,0.0,0,[],[]
=>396,276588000.0,0.0,0,[],[]
=>397,276594000.0,0.0,0,[],[]
=>398,276600000.0,0.0,0,[],[]
=>399,276606000.0,0.0,0,[],[]
=>400,276612000.0,0.0,0,[],[]
=>401,276618000.0,0.0,0,[],[]
=>402,276624000.0,0.0,0,[],[]
=>403,276630000.0,0.0,0,[],[]
=>404,276636000.0,0.0,0,[],[]
=>405,276642000.0,0.0,0,[],[]
=>406,276648000.0,0.0,0,[],[]
=>407,276654000.0,0.0,0,[],[]
=>408,276660000.0,0.0,0,[],[]
=>409,276666000.0,0.0,0,[],[]
=>410,276672000.0,0.0,0,[],[]
=>411,276678000.0,0.0,0,[],[]
=>412,276684000.0,0.0,0,[],[]
=>413,276690000.0,0.0,0,[],[]
=>414,276696000.0,0.0,0,[],[]
=>415,276702000.0,0.0,0,[],[]
=>416,276708000.0,0.0,0,[],[]
=>417,276714000.0,0.0,0,[],[]
=>418,276720000.0,0.0,0,[],[]
=>419,276726000.0,0.0,0,[],[]
=>420,276732000.0,0.0,0,[],[]
=>421,276738000.0,0.0,0,[],[]
=>422,276744000.0,0.0,0,[],[]
=>423,276750000.0,0.0,0,[],[]
=>424,276756000.0,0.0,0,[],[]
=>425,276762000.0,0.0,0,[],[]
=>426,276768000.0,0.0,0,[],[]
=>427,276774000.0,0.0,0,[],[]
=>428,276780000.0,0.0,0,[],[]
=>429,276786000.0,0.0,0,[],[]
=>430,276792000.0,0.0,0,[],[]
=>431,276798000.0,0.0,0,[],[]
=>432,276804000.0,0.0,0,[],[]
=>433,276810000.0,0.0,0,[],[]
=>434,276816000.0,0.0,0,[],[]
=>435,276822000.0,0.0,0,[],[]
=>436,276828000.0,0.0,0,[],[]
=>437,276834000.0,0.0,0,[],[]
=>438,276840000.0,0.0,0,[],[]
=>439,276846000.0,0.0,0,[],[]
=>440,276852000.0,0.0,0,[],[]
=>441,276858000.0,0.0,0,[],[]
=>442,276864000.0,0.0,0,[],[]
=>443,276870000.0,0.0,0,[],[]
=>444,276876000.0,0.0,0,[],[]
=>445,276882000.0,0.0,0,[],[]
=>446,276888000.0,0.0,0,[],[]
=>447,276894000.0,0.0,0,[],[]
=>448,276900000.0,0.0,0,[],[]
=>449,276906000.0,0.0,0,[],[]
=>450,276912000.0,0.0,0,[],[]
=>451,276918000.0,0.0,0,[],[]
=>452,276924000.0,0.0,0,[],[]
=>453,276930000.0,0.0,0,[],[]
=>454,276936000.0,0.0,0,[],[]
=>455,276942000.0,0.0,0,[],[]
=>456,276948000.0,0.0,0,[],[]
=>457,276954000.0,0.0,0,[],[]
=>458,276960000.0,0.0,0,[],[]
=>459,276966000.0,0.0,0,[],[]
=>460,276972000.0,0.0,0,[],[]
=>461,276978000.0,0.0,0,[],[]
=>462,276984000.0,0.0,0,[],[]
=>463,276990000.0,0.0,0,[],[]
=>464,276996000.0,0.0,0,[],[]
=>465,277002000.0,0.0,0,[],[]
=>466,277008000.0,0.0,0,[],[]
=>467,277014000.0,0.0,0,[],[]
=>468,277020000.0,0.0,0,[],[]
=>469,277026000.0,0.0,0,[],[]
=>470,277032000.0,0.0,0,[],[]
=>471,277038000.0,0.0,0,[],[]
=>472,277044000.0,0.0,0,[],[]
=>473,277050000.0,0.0,0,[],[]
=>474,277056000.0,0.0,0,[],[]
=>475,277062000.0,0.0,0,[],[]
=>476,277068000.0,0.0,0,[],[]
=>477,277074000.0,0.0,0,[],[]
=>478,277080000.0,0.0,0,[],[]
=>479,277086000.0,0.0,0,[],[]
=>480,277092000.0,0.0,0,[],[]
=>481,277098000.0,0.0,0,[],[]
=>482,277104000.0,0.0,0,[],[]
=>483,277110000.0,0.0,0,[],[]
=>484,277116000.0,0.0,0,[],[]
=>485,277122000.0,0.0,0,[],[]
=>486,277128000.0,0.0,0,[],[]
=>487,277134000.0,0.0,0,[],[]
=>488,277140000.0,0.0,0,[],[]
=>489,277146000.0,0.0,0,[],[]
=>490,277152000.0,0.0,0,[],[]
=>491,277158000.0,0.0,0,[],[]
=>492,277164000.0,0.0,0,[],[]
=>493,277170000.0,0.0,0,[],[]
=>494,277176000.0,0.0,0,[],[]
=>495,277182000.0,0.0,0,[],[]
=>496,277188000.0,0.0,0,[],[]
=>497,277194000.0,0.0,0,[],[]
=>498,277200000.0,0.0,0,[],[]
=>499,277206000.0,0.0,0,[],[]
=>500,277212000.0,0.0,0,[],[]
=>501,277218000.0,0.0,0,[],[]
=>502,277224000.0,0.0,0,[],[]
=>503,277230000.0,0.0,0,[],[]
=>504,277236000.0,0.0,0,[],[]
=>505,277242000.0,0.0,0,[],[]
=>506,277248000.0,0.0,0,[],[]
=>507,277254000.0,0.0,0,[],[]
=>508,277260000.0,0.0,0,[],[]
=>509,277266000.0,0.0,0,[],[]
=>510,277272000.0,0.0,0,[],[]
=>511,277278000.0,0.0,0,[],[]
=>512,277284000.0,0.0,0,[],[]
=>513,277290000.0,0.0,0,[],[]
=>514,277296000.0,0.0,0,[],[]
=>515,277302000.0,0.0,0,[],[]
=>516,277308000.0,0.0,0,[],[]
=>517,277314000.0,0.0,0,[],[]
=>518,277320000.0,0.0,0,[],[]
=>519,277326000.0,0.0,0,[],[]
=>520,277332000.0,0.0,0,[],[]
=>521,277338000.0,0.0,0,[],[]
=>522,277344000.0,0.0,0,[],[]
=>523,277350000.0,0.0,0,[],[]
=>524,277356000.0,0.0,0,[],[]
=>525,277362000.0,0.0,0,[],[]
=>526,277368000.0,0.0,0,[],[]
=>527,277374000.0,0.0,0,[],[]
=>528,277380000.0,0.0,0,[],[]
=>529,277386000.0,0.0,0,[],[]
=>530,277392000.0,0.0,0,[],[]
=>531,277398000.0,0.0,0,[],[]
=>532,277404000.0,0.0,0,[],[]
=>533,277410000.0,0.0,0,[],[]
=>534,277416000.0,0.0,0,[],[]
=>535,277422000.0,0.0,0,[],[]
=>536,277428000.0,0.0,0,[],[]
=>537,277434000.0,0.0,0,[],[]
=>538,277440000.0,0.0,0,[],[]
=>539,277446000.0,0.0,0,[],[]
=>540,277452000.0,0.0,0,[],[]
=>541,277458000.0,0.0,0,[],[]
=>542,277464000.0,0.0,0,[],[]
=>543,277470000.0,0.0,0,[],[]
=>544,277476000.0,0.0,0,[],[]
=>545,277482000.0,0.0,0,[],[]
=>546,277488000.0,0.0,0,[],[]
=>547,277494000.0,0.0,0,[],[]
=>548,277500000.0,0.0,0,[],[]
=>549,277506000.0,0.0,0,[],[]
=>550,277512000.0,0.0,0,[],[]
=>551,277518000.0,0.0,0,[],[]
=>552,277524000.0,0.0,0,[],[]
=>553,277530000.0,0.0,0,[],[]
=>554,277536000.0,0.0,0,[],[]
=>555,277542000.0,0.0,0,[],[]
=>556,277548000.0,0.0,0,[],[]
=>557,277554000.0,0.0,0,[],[]
=>558,277560000.0,0.0,0,[],[]
=>559,277566000.0,0.0,0,[],[]
=>560,277572000.0,0.0,0,[],[]
=>561,277578000.0,0.0,0,[],[]
=>562,277584000.0,0.0,0,[],[]
=>563,277590000.0,0.0,0,[],[]
=>564,277596000.0,0.0,0,[],[]
=>565,277602000.0,0.0,0,[],[]
=>566,277608000.0,0.0,0,[],[]
=>567,277614000.0,0.0,0,[],[]
=>568,277620000.0,0.0,0,[],[]
=>569,277626000.0,0.0,0,[],[]
=>570,277632000.0,0.0,0,[],[]
=>571,277638000.0,0.0,0,[],[]
=>572,277644000.0,0.0,0,[],[]
=>573,277650000.0,0.0,0,[],[]
=>574,277656000.0,0.0,0,[],[]
=>575,277662000.0,0.0,0,[],[]
=>576,277668000.0,0.0,0,[],[]
=>577,277674000.0,0.0,0,[],[]
=>578,277680000.0,0.0,0,[],[]
=>579,277686000.0,0.0,0,[],[]
=>580,277692000.0,0.0,0,[],[]
=>581,277698000.0,0.0,0,[],[]
=>582,277704000.0,0.0,0,[],[]
=>583,277710000.0,0.0,0,[],[]
=>584,277716000.0,0.0,0,[],[]
=>585,277722000.0,0.0,0,[],[]
=>586,277728000.0,0.0,0,[],[]
=>587,277734000.0,0.0,0,[],[]
=>588,277740000.0,0.0,0,[],[]
=>589,277746000.0,0.0,0,[],[]
=>590,277752000.0,0.0,0,[],[]
=>591,277758000.0,0.0,0,[],[]
=>592,277764000.0,0.0,0,[],[]
=>593,277770000.0,0.0,0,[],[]
=>594,277776000.0,0.0,0,[],[]
=>595,277782000.0,0.0,0,[],[]
=>596,277788000.0,0.0,0,[],[]
=>597,277794000.0,0.0,0,[],[]
=>598,277800000.0,0.0,0,[],[]
=>599,277806000.0,0.0,0,[],[]
=>600,277812000.0,0.0,0,[],[]
=>601,277818000.0,0.0,0,[],[]
=>602,277824000.0,0.0,0,[],[]
=>603,277830000.0,0.0,0,[],[]
=>604,277836000.0,0.0,0,[],[]
=>605,277842000.0,0.0,0,[],[]
=>606,277848000.0,0.0,0,[],[]
=>607,277854000.0,0.0,0,[],[]
=>608,277860000.0,0.0,0,[],[]
=>609,277866000.0,0.0,0,[],[]
=>610,277872000.0,0.0,0,[],[]
=>611,277878000.0,0.0,0,[],[]
=>612,277884000.0,0.0,0,[],[]
=>613,277890000.0,0.0,0,[],[]
=>614,277896000.0,0.0,0,[],[]
=>615,277902000.0,0.0,0,[],[]
=>616,277908000.0,0.0,0,[],[]
=>617,277914000.0,0.0,0,[],[]
=>618,277920000.0,0.0,0,[],[]
=>619,277926000.0,0.0,0,[],[]
=>620,277932000.0,0.0,0,[],[]
=>621,277938000.0,0.0,0,[],[]
=>622,277944000.0,0.0,0,[],[]
=>623,277950000.0,0.0,0,[],[]
=>624,277956000.0,0.0,0,[],[]
=>625,277962000.0,0.0,0,[],[]
=>626,277968000.0,0.0,0,[],[]
=>627,277974000.0,0.0,0,[],[]
=>628,277980000.0,0.0,0,[],[]
=>629,277986000.0,0.0,0,[],[]
=>630,277992000.0,0.0,0,[],[]
=>631,277998000.0,0.0,0,[],[]
=>632,278004000.0,0.0,0,[],[]
=>633,278010000.0,0.0,0,[],[]
=>634,278016000.0,0.0,0,[],[]
=>635,278022000.0,0.0,0,[],[]
=>636,278028000.0,0.0,0,[],[]
=>637,278034000.0,0.0,0,[],[]
=>638,278040000.0,0.0,0,[],[]
=>639,278046000.0,0.0,0,[],[]
=>640,278052000.0,0.0,0,[],[]
=>641,278058000.0,0.0,0,[],[]
=>642,278064000.0,0.0,0,[],[]
=>643,278070000.0,0.0,0,[],[]
=>644,278076000.0,0.0,0,[],[]
=>645,278082000.0,0.0,0,[],[]
=>646,278088000.0,0.0,0,[],[]
=>647,278094000.0,0.0,0,[],[]
=>648,278100000.0,0.0,0,[],[]
=>649,278106000.0,0.0,0,[],[]
=>650,278112000.0,0.0,0,[],[]
=>651,278118000.0,0.0,0,[],[]
=>652,278124000.0,0.0,0,[],[]
=>653,278130000.0,0.0,0,[],[]
=>654,278136000.0,0.0,0,[],[]
=>655,278142000.0,0.0,0,[],[]
=>656,278148000.0,0.0,0,[],[]
=>657,278154000.0,0.0,0,[],[]
=>658,278160000.0,0.0,0,[],[]
=>659,278166000.0,0.0,0,[],[]
=>660,278172000.0,0.0,0,[],[]
=>661,278178000.0,0.0,0,[],[]
=>662,278184000.0,0.0,0,[],[]
=>663,278190000.0,0.0,0,[],[]
=>664,278196000.0,0.0,0,[],[]
=>665,278202000.0,0.0,0,[],[]
=>666,278208000.0,0.0,0,[],[]
=>667,278214000.0,0.0,0,[],[]
=>668,278220000.0,0.0,0,[],[]
=>669,278226000.0,0.0,0,[],[]
=>670,278232000.0,0.0,0,[],[]
=>671,278238000.0,0.0,0,[],[]
=>672,278244000.0,0.0,0,[],[]
=>673,278250000.0,0.0,0,[],[]
=>674,278256000.0,0.0,0,[],[]
=>675,278262000.0,0.0,0,[],[]
=>676,278268000.0,0.0,0,[],[]
=>677,278274000.0,0.0,0,[],[]
=>678,278280000.0,0.0,0,[],[]
=>679,278286000.0,0.0,0,[],[]
=>680,278292000.0,0.0,0,[],[]
=>681,278298000.0,0.0,0,[],[]
=>682,278304000.0,0.0,0,[],[]
=>683,278310000.0,0.0,0,[],[]
=>684,278316000.0,0.0,0,[],[]
=>685,278322000.0,0.0,0,[],[]
=>686,278328000.0,0.0,0,[],[]
=>687,278334000.0,0.0,0,[],[]
=>688,278340000.0,0.0,0,[],[]
=>689,278346000.0,0.0,0,[],[]
=>690,278352000.0,0.0,0,[],[]
=>691,278358000.0,0.0,0,[],[]
=>692,278364000.0,0.0,0,[],[]
=>693,278370000.0,0.0,0,[],[]
=>694,278376000.0,0.0,0,[],[]
=>695,278382000.0,0.0,0,[],[]
=>696,278388000.0,0.0,0,[],[]
=>697,278394000.0,0.0,0,[],[]
=>698,278400000.0,0.0,0,[],[]
=>699,278406000.0,0.0,0,[],[]
=>700,278412000.0,0.0,0,[],[]
=>701,278418000.0,0.0,0,[],[]
=>702,278424000.0,0.0,0,[],[]
=>703,278430000.0,0.0,0,[],[]
=>704,278436000.0,0.0,0,[],[]
=>705,278442000.0,0.0,0,[],[]
=>706,278448000.0,0.0,0,[],[]
=>707,278454000.0,0.0,0,[],[]
=>708,278460000.0,0.0,0,[],[]
=>709,278466000.0,0.0,0,[],[]
=>710,278472000.0,0.0,0,[],[]
=>711,278478000.0,0.0,0,[],[]
=>712,278484000.0,0.0,0,[],[]
=>713,278490000.0,0.0,0,[],[]
=>714,278496000.0,0.0,0,[],[]
=>715,278502000.0,0.0,0,[],[]
=>716,278508000.0,0.0,0,[],[]
=>717,278514000.0,0.0,0,[],[]
=>718,278520000.0,0.0,0,[],[]
=>719,278526000.0,0.0,0,[],[]
=>720,278532000.0,0.0,0,[],[]
=>721,278538000.0,0.0,0,[],[]
=>722,278544000.0,0.0,0,[],[]
=>723,278550000.0,0.0,0,[],[]
=>724,278556000.0,0.0,0,[],[]
=>725,278562000.0,0.0,0,[],[]
=>726,278568000.0,0.0,0,[],[]
=>727,278574000.0,0.0,0,[],[]
=>728,278580000.0,0.0,0,[],[]
=>729,278586000.0,0.0,0,[],[]
=>730,278592000.0,0.0,0,[],[]
=>731,278598000.0,0.0,0,[],[]
=>732,278604000.0,0.0,0,[],[]
=>733,278610000.0,0.0,0,[],[]
=>734,278616000.0,0.0,0,[],[]
=>735,278622000.0,0.0,0,[],[]
=>736,278628000.0,0.0,0,[],[]
=>737,278634000.0,0.0,0,[],[]
=>738,278640000.0,0.0,0,[],[]
=>739,278646000.0,0.0,0,[],[]
=>740,278652000.0,0.0,0,[],[]
=>741,278658000.0,0.0,0,[],[]
=>742,278664000.0,0.0,0,[],[]
=>743,278670000.0,0.0,0,[],[]
=>744,278676000.0,0.0,0,[],[]
=>745,278682000.0,0.0,0,[],[]
=>746,278688000.0,0.0,0,[],[]
=>747,278694000.0,0.0,0,[],[]
=>748,278700000.0,0.0,0,[],[]
=>749,278706000.0,0.0,0,[],[]
=>750,278712000.0,0.0,0,[],[]
=>751,278718000.0,0.0,0,[],[]
=>752,278724000.0,0.0,0,[],[]
=>753,278730000.0,0.0,0,[],[]
=>754,278736000.0,0.0,0,[],[]
=>755,278742000.0,0.0,0,[],[]
=>756,278748000.0,0.0,0,[],[]
=>757,278754000.0,0.0,0,[],[]
=>758,278760000.0,0.0,0,[],[]
=>759,278766000.0,0.0,0,[],[]
=>760,278772000.0,0.0,0,[],[]
=>761,278778000.0,0.0,0,[],[]
=>762,278784000.0,0.0,0,[],[]
=>763,278790000.0,0.0,0,[],[]
=>764,278796000.0,0.0,0,[],[]
=>765,278802000.0,0.0,0,[],[]
=>766,278808000.0,0.0,0,[],[]
=>767,278814000.0,0.0,0,[],[]
=>768,278820000.0,0.0,0,[],[]
=>769,278826000.0,0.0,0,[],[]
=>770,278832000.0,0.0,0,[],[]
=>771,278838000.0,0.0,0,[],[]
=>772,278844000.0,0.0,0,[],[]
=>773,278850000.0,0.0,0,[],[]
=>774,278856000.0,0.0,0,[],[]
=>775,278862000.0,0.0,0,[],[]
=>776,278868000.0,0.0,0,[],[]
=>777,278874000.0,0.0,0,[],[]
=>778,278880000.0,0.0,0,[],[]
=>779,278886000.0,0.0,0,[],[]
=>780,278892000.0,0.0,0,[],[]
=>781,278898000.0,0.0,0,[],[]
=>782,278904000.0,0.0,0,[],[]
=>783,278910000.0,0.0,0,[],[]
=>784,278916000.0,0.0,0,[],[]
=>785,278922000.0,0.0,0,[],[]
=>786,278928000.0,0.0,0,[],[]
=>787,278934000.0,0.0,0,[],[]
=>788,278940000.0,0.0,0,[],[]
=>789,278946000.0,0.0,0,[],[]
=>790,278952000.0,0.0,0,[],[]
=>791,278958000.0,0.0,0,[],[]
=>792,278964000.0,0.0,0,[],[]
=>793,278970000.0,0.0,0,[],[]
=>794,278976000.0,0.0,0,[],[]
=>795,278982000.0,0.0,0,[],[]
=>796,278988000.0,0.0,0,[],[]
=>797,278994000.0,0.0,0,[],[]
=>798,279000000.0,0.0,0,[],[]
=>799,279006000.0,0.0,0,[],[]
=>800,279012000.0,0.0,0,[],[]
=>801,279018000.0,0.0,0,[],[]
=>802,279024000.0,0.0,0,[],[]
=>803,279030000.0,0.0,0,[],[]
=>804,279036000.0,0.0,0,[],[]
=>805,279042000.0,0.0,0,[],[]
=>806,279048000.0,0.0,0,[],[]
=>807,279054000.0,0.0,0,[],[]
=>808,279060000.0,0.0,0,[],[]
=>809,279066000.0,0.0,0,[],[]
=>810,279072000.0,0.0,0,[],[]
=>811,279078000.0,0.0,0,[],[]
=>812,279084000.0,0.0,0,[],[]
=>813,279090000.0,0.0,0,[],[]
=>814,279096000.0,0.0,0,[],[]
=>815,279102000.0,0.0,0,[],[]
=>816,279108000.0,0.0,0,[],[]
=>817,279114000.0,0.0,0,[],[]
=>818,279120000.0,0.0,0,[],[]
=>819,279126000.0,0.0,0,[],[]
=>820,279132000.0,0.0,0,[],[]
=>821,279138000.0,0.0,0,[],[]
=>822,279144000.0,0.0,0,[],[]
=>823,279150000.0,0.0,0,[],[]
=>824,279156000.0,0.0,0,[],[]
=>825,279162000.0,0.0,0,[],[]
=>826,279168000.0,0.0,0,[],[]
=>827,279174000.0,0.0,0,[],[]
=>828,279180000.0,0.0,0,[],[]
=>829,279186000.0,0.0,0,[],[]
=>830,279192000.0,0.0,0,[],[]
=>831,279198000.0,0.0,0,[],[]
=>832,279204000.0,0.0,0,[],[]
=>833,279210000.0,0.0,0,[],[]
=>834,279216000.0,0.0,0,[],[]
=>835,279222000.0,0.0,0,[],[]
=>836,279228000.0,0.0,0,[],[]
=>837,279234000.0,0.0,0,[],[]
=>838,279240000.0,0.0,0,[],[]
=>839,279246000.0,0.0,0,[],[]
=>840,279252000.0,0.0,0,[],[]
=>841,279258000.0,0.0,0,[],[]
=>842,279264000.0,0.0,0,[],[]
=>843,279270000.0,0.0,0,[],[]
=>844,279276000.0,0.0,0,[],[]
=>845,279282000.0,0.0,0,[],[]
=>846,279288000.0,0.0,0,[],[]
=>847,279294000.0,0.0,0,[],[]
=>848,279300000.0,0.0,0,[],[]
=>849,279306000.0,0.0,0,[],[]
=>850,279312000.0,0.0,0,[],[]
=>851,279318000.0,0.0,0,[],[]
=>852,279324000.0,0.0,0,[],[]
=>853,279330000.0,0.0,0,[],[]
=>854,279336000.0,0.0,0,[],[]
=>855,279342000.0,0.0,0,[],[]
=>856,279348000.0,0.0,0,[],[]
=>857,279354000.0,0.0,0,[],[]
=>858,279360000.0,0.0,0,[],[]
=>859,279366000.0,0.0,0,[],[]
=>860,279372000.0,0.0,0,[],[]
=>861,279378000.0,0.0,0,[],[]
=>862,279384000.0,0.0,0,[],[]
=>863,279390000.0,0.0,0,[],[]
=>864,279396000.0,0.0,0,[],[]
=>865,279402000.0,0.0,0,[],[]
=>866,279408000.0,0.0,0,[],[]
=>867,279414000.0,0.0,0,[],[]
=>868,279420000.0,0.0,0,[],[]
=>869,279426000.0,0.0,0,[],[]
=>870,279432000.0,0.0,0,[],[]
=>871,279438000.0,0.0,0,[],[]
=>872,279444000.0,0.0,0,[],[]
=>873,279450000.0,0.0,0,[],[]
=>874,279456000.0,0.0,0,[],[]
=>875,279462000.0,0.0,0,[],[]
=>876,279468000.0,0.0,0,[],[]
=>877,279474000.0,0.0,0,[],[]
=>878,279480000.0,0.0,0,[],[]
=>879,279486000.0,0.0,0,[],[]
=>880,279492000.0,0.0,0,[],[]
=>881,279498000.0,0.0,0,[],[]
=>882,279504000.0,0.0,0,[],[]
=>883,279510000.0,0.0,0,[],[]
=>884,279516000.0,0.0,0,[],[]
=>885,279522000.0,0.0,0,[],[]
=>886,279528000.0,0.0,0,[],[]
=>887,279534000.0,0.0,0,[],[]
=>888,279540000.0,0.0,0,[],[]
=>889,279546000.0,0.0,0,[],[]
=>890,279552000.0,0.0,0,[],[]
=>891,279558000.0,0.0,0,[],[]
=>892,279564000.0,0.0,0,[],[]
=>893,279570000.0,0.0,0,[],[]
=>894,279576000.0,0.0,0,[],[]
=>895,279582000.0,0.0,0,[],[]
=>896,279588000.0,0.0,0,[],[]
=>897,279594000.0,0.0,0,[],[]
=>898,279600000.0,0.0,0,[],[]
=>899,279606000.0,0.0,0,[],[]
=>900,279612000.0,0.0,0,[],[]
=>901,279618000.0,0.0,0,[],[]
=>902,279624000.0,0.0,0,[],[]
=>903,279630000.0,0.0,0,[],[]
=>904,279636000.0,0.0,0,[],[]
=>905,279642000.0,0.0,0,[],[]
=>906,279648000.0,0.0,0,[],[]
=>907,279654000.0,0.0,0,[],[]
=>908,279660000.0,0.0,0,[],[]
=>909,279666000.0,0.0,0,[],[]
=>910,279672000.0,0.0,0,[],[]
=>911,279678000.0,0.0,0,[],[]
=>912,279684000.0,0.0,0,[],[]
=>913,279690000.0,0.0,0,[],[]
=>914,279696000.0,0.0,0,[],[]
=>915,279702000.0,0.0,0,[],[]
=>916,279708000.0,0.0,0,[],[]
=>917,279714000.0,0.0,0,[],[]
=>918,279720000.0,0.0,0,[],[]
=>919,279726000.0,0.0,0,[],[]
=>920,279732000.0,0.0,0,[],[]
=>921,279738000.0,0.0,0,[],[]
=>922,279744000.0,0.0,0,[],[]
=>923,279750000.0,0.0,0,[],[]
=>924,279756000.0,0.0,0,[],[]
=>925,279762000.0,0.0,0,[],[]
=>926,279768000.0,0.0,0,[],[]
=>927,279774000.0,0.0,0,[],[]
=>928,279780000.0,0.0,0,[],[]
=>929,279786000.0,0.0,0,[],[]
=>930,279792000.0,0.0,0,[],[]
=>931,279798000.0,0.0,0,[],[]
=>932,279804000.0,0.0,0,[],[]
=>933,279810000.0,0.0,0,[],[]
=>934,279816000.0,0.0,0,[],[]
=>935,279822000.0,0.0,0,[],[]
=>936,279828000.0,0.0,0,[],[]
=>937,279834000.0,0.0,0,[],[]
=>938,279840000.0,0.0,0,[],[]
=>939,279846000.0,0.0,0,[],[]
=>940,279852000.0,0.0,0,[],[]
=>941,279858000.0,0.0,0,[],[]
=>942,279864000.0,0.0,0,[],[]
=>943,279870000.0,0.0,0,[],[]
=>944,279876000.0,0.0,0,[],[]
=>945,279882000.0,0.0,0,[],[]
=>946,279888000.0,0.0,0,[],[]
=>947,279894000.0,0.0,0,[],[]
=>948,279900000.0,0.0,0,[],[]
=>949,279906000.0,0.0,0,[],[]
=>950,279912000.0,0.0,0,[],[]
=>951,279918000.0,0.0,0,[],[]
=>952,279924000.0,0.0,0,[],[]
=>953,279930000.0,0.0,0,[],[]
=>954,279936000.0,0.0,0,[],[]
=>955,279942000.0,0.0,0,[],[]
=>956,279948000.0,0.0,0,[],[]
=>957,279954000.0,0.0,0,[],[]
=>958,279960000.0,0.0,0,[],[]
=>959,279966000.0,0.0,0,[],[]
=>960,279972000.0,0.0,0,[],[]
=>961,279978000.0,0.0,0,[],[]
=>962,279984000.0,0.0,0,[],[]
=>963,279990000.0,0.0,0,[],[]
=>964,279996000.0,0.0,0,[],[]
=>965,280002000.0,0.0,0,[],[]
=>966,280008000.0,0.0,0,[],[]
=>967,280014000.0,0.0,0,[],[]
=>968,280020000.0,0.0,0,[],[]
=>969,280026000.0,0.0,0,[],[]
=>970,280032000.0,0.0,0,[],[]
=>971,280038000.0,0.0,0,[],[]
=>972,280044000.0,0.0,0,[],[]
=>973,280050000.0,0.0,0,[],[]
=>974,280056000.0,0.0,0,[],[]
=>975,280062000.0,0.0,0,[],[]
=>976,280068000.0,0.0,0,[],[]
=>977,280074000.0,0.0,0,[],[]
=>978,280080000.0,0.0,0,[],[]
=>979,280086000.0,0.0,0,[],[]
=>980,280092000.0,0.0,0,[],[]
=>981,280098000.0,0.0,0,[],[]
=>982,280104000.0,0.0,0,[],[]
=>983,280110000.0,0.0,0,[],[]
=>984,280116000.0,0.0,0,[],[]
=>985,280122000.0,0.0,0,[],[]
=>986,280128000.0,0.0,0,[],[]
=>987,280134000.0,0.0,0,[],[]
=>988,280140000.0,0.0,0,[],[]
=>989,280146000.0,0.0,0,[],[]
=>990,280152000.0,0.0,0,[],[]
=>991,280158000.0,0.0,0,[],[]
=>992,280164000.0,0.0,0,[],[]
=>993,280170000.0,0.0,0,[],[]
=>994,280176000.0,0.0,0,[],[]
=>995,280182000.0,0.0,0,[],[]
=>996,280188000.0,0.0,0,[],[]
=>997,280194000.0,0.0,0,[],[]
=>998,280200000.0,0.0,0,[],[]
=>999,280206000.0,0.0,0,[],[]
=>1000,280212000.0,0.0,0,[],[]
=>1001,280218000.0,0.0,0,[],[]
=>1002,280224000.0,0.0,0,[],[]
=>1003,280230000.0,0.0,0,[],[]
=>1004,280236000.0,0.0,0,[],[]
=>1005,280242000.0,0.0,0,[],[]
=>1006,280248000.0,0.0,0,[],[]
=>1007,280254000.0,0.0,0,[],[]
=>1008,280260000.0,0.0,0,[],[]
=>1009,280266000.0,0.0,0,[],[]
=>1010,280272000.0,0.0,0,[],[]
=>1011,280278000.0,0.0,0,[],[]
=>1012,280284000.0,0.0,0,[],[]
=>1013,280290000.0,0.0,0,[],[]
=>1014,280296000.0,0.0,0,[],[]
=>1015,280302000.0,0.0,0,[],[]
=>1016,280308000.0,0.0,0,[],[]
=>1017,280314000.0,0.0,0,[],[]
=>1018,280320000.0,0.0,0,[],[]
=>1019,280326000.0,0.0,0,[],[]
=>1020,280332000.0,0.0,0,[],[]
=>1021,280338000.0,0.0,0,[],[]
=>1022,280344000.0,0.0,0,[],[]
=>1023,280350000.0,0.0,0,[],[]
=>1024,280356000.0,0.0,0,[],[]
=>1025,280362000.0,0.0,0,[],[]
=>1026,280368000.0,0.0,0,[],[]
=>1027,280374000.0,0.0,0,[],[]
=>1028,280380000.0,0.0,0,[],[]
=>1029,280386000.0,0.0,0,[],[]
=>1030,280392000.0,0.0,0,[],[]
=>1031,280398000.0,0.0,0,[],[]
=>1032,280404000.0,0.0,0,[],[]
=>1033,280410000.0,0.0,0,[],[]
=>1034,280416000.0,0.0,0,[],[]
=>1035,280422000.0,0.0,0,[],[]
=>1036,280428000.0,0.0,0,[],[]
=>1037,280434000.0,0.0,0,[],[]
=>1038,280440000.0,0.0,0,[],[]
=>1039,280446000.0,0.0,0,[],[]
=>1040,280452000.0,0.0,0,[],[]
=>1041,280458000.0,0.0,0,[],[]
=>1042,280464000.0,0.0,0,[],[]
=>1043,280470000.0,0.0,0,[],[]
=>1044,280476000.0,0.0,0,[],[]
=>1045,280482000.0,0.0,0,[],[]
=>1046,280488000.0,0.0,0,[],[]
=>1047,280494000.0,0.0,0,[],[]
=>1048,280500000.0,0.0,0,[],[]
=>1049,280506000.0,0.0,0,[],[]
=>1050,280512000.0,0.0,0,[],[]
=>1051,280518000.0,0.0,0,[],[]
=>1052,280524000.0,0.0,0,[],[]
=>1053,280530000.0,0.0,0,[],[]
=>1054,280536000.0,0.0,0,[],[]
=>1055,280542000.0,0.0,0,[],[]
=>1056,280548000.0,0.0,0,[],[]
=>1057,280554000.0,0.0,0,[],[]
=>1058,280560000.0,0.0,0,[],[]
=>1059,280566000.0,0.0,0,[],[]
=>1060,280572000.0,0.0,0,[],[]
=>1061,280578000.0,0.0,0,[],[]
=>1062,280584000.0,0.0,0,[],[]
=>1063,280590000.0,0.0,0,[],[]
=>1064,280596000.0,0.0,0,[],[]
=>1065,280602000.0,0.0,0,[],[]
=>1066,280608000.0,0.0,0,[],[]
=>1067,280614000.0,0.0,0,[],[]
=>1068,280620000.0,0.0,0,[],[]
=>1069,280626000.0,0.0,0,[],[]
=>1070,280632000.0,0.0,0,[],[]
=>1071,280638000.0,0.0,0,[],[]
=>1072,280644000.0,0.0,0,[],[]
=>1073,280650000.0,0.0,0,[],[]
=>1074,280656000.0,0.0,0,[],[]
=>1075,280662000.0,0.0,0,[],[]
=>1076,280668000.0,0.0,0,[],[]
=>1077,280674000.0,0.0,0,[],[]
=>1078,280680000.0,0.0,0,[],[]
=>1079,280686000.0,0.0,0,[],[]
=>1080,280692000.0,0.0,0,[],[]
=>1081,280698000.0,0.0,0,[],[]
=>1082,280704000.0,0.0,0,[],[]
=>1083,280710000.0,0.0,0,[],[]
=>1084,280716000.0,0.0,0,[],[]
=>1085,280722000.0,0.0,0,[],[]
=>1086,280728000.0,0.0,0,[],[]
=>1087,280734000.0,0.0,0,[],[]
=>1088,280740000.0,0.0,0,[],[]
=>1089,280746000.0,0.0,0,[],[]
=>1090,280752000.0,0.0,0,[],[]
=>1091,280758000.0,0.0,0,[],[]
=>1092,280764000.0,0.0,0,[],[]
=>1093,280770000.0,0.0,0,[],[]
=>1094,280776000.0,0.0,0,[],[]
=>1095,280782000.0,0.0,0,[],[]
=>1096,280788000.0,0.0,0,[],[]
=>1097,280794000.0,0.0,0,[],[]
=>1098,280800000.0,0.0,0,[],[]
=>1099,280806000.0,0.0,0,[],[]
=>1100,280812000.0,0.0,0,[],[]
=>1101,280818000.0,0.0,0,[],[]
=>1102,280824000.0,0.0,0,[],[]
=>1103,280830000.0,0.0,0,[],[]
=>1104,280836000.0,0.0,0,[],[]
=>1105,280842000.0,0.0,0,[],[]
=>1106,280848000.0,0.0,0,[],[]
=>1107,280854000.0,0.0,0,[],[]
=>1108,280860000.0,0.0,0,[],[]
=>1109,280866000.0,0.0,0,[],[]
=>1110,280872000.0,0.0,0,[],[]
=>1111,280878000.0,0.0,0,[],[]
=>1112,280884000.0,0.0,0,[],[]
=>1113,280890000.0,0.0,0,[],[]
=>1114,280896000.0,0.0,0,[],[]
=>1115,280902000.0,0.0,0,[],[]
=>1116,280908000.0,0.0,0,[],[]
=>1117,280914000.0,0.0,0,[],[]
=>1118,280920000.0,0.0,0,[],[]
=>1119,280926000.0,0.0,0,[],[]
=>1120,280932000.0,0.0,0,[],[]
=>1121,280938000.0,0.0,0,[],[]
=>1122,280944000.0,0.0,0,[],[]
=>1123,280950000.0,0.0,0,[],[]
=>1124,280956000.0,0.0,0,[],[]
=>1125,280962000.0,0.0,0,[],[]
=>1126,280968000.0,0.0,0,[],[]
=>1127,280974000.0,0.0,0,[],[]
=>1128,280980000.0,0.0,0,[],[]
=>1129,280986000.0,0.0,0,[],[]
=>1130,280992000.0,0.0,0,[],[]
=>1131,280998000.0,0.0,0,[],[]
=>1132,281004000.0,0.0,0,[],[]
=>1133,281010000.0,0.0,0,[],[]
=>1134,281016000.0,0.0,0,[],[]
=>1135,281022000.0,0.0,0,[],[]
=>1136,281028000.0,0.0,0,[],[]
=>1137,281034000.0,0.0,0,[],[]
=>1138,281040000.0,0.0,0,[],[]
=>1139,281046000.0,0.0,0,[],[]
=>1140,281052000.0,0.0,0,[],[]
=>1141,281058000.0,0.0,0,[],[]
=>1142,281064000.0,0.0,0,[],[]
=>1143,281070000.0,0.0,0,[],[]
=>1144,281076000.0,0.0,0,[],[]
=>1145,281082000.0,0.0,0,[],[]
=>1146,281088000.0,0.0,0,[],[]
=>1147,281094000.0,0.0,0,[],[]
=>1148,281100000.0,0.0,0,[],[]
=>1149,281106000.0,0.0,0,[],[]
=>1150,281112000.0,0.0,0,[],[]
=>1151,281118000.0,0.0,0,[],[]
=>1152,281124000.0,0.0,0,[],[]
=>1153,281130000.0,0.0,0,[],[]
=>1154,281136000.0,0.0,0,[],[]
=>1155,281142000.0,0.0,0,[],[]
=>1156,281148000.0,0.0,0,[],[]
=>1157,281154000.0,0.0,0,[],[]
=>1158,281160000.0,0.0,0,[],[]
=>1159,281166000.0,0.0,0,[],[]
=>1160,281172000.0,0.0,0,[],[]
=>1161,281178000.0,0.0,0,[],[]
=>1162,281184000.0,0.0,0,[],[]
=>1163,281190000.0,0.0,0,[],[]
=>1164,281196000.0,0.0,0,[],[]
=>1165,281202000.0,0.0,0,[],[]
=>1166,281208000.0,0.0,0,[],[]
=>1167,281214000.0,0.0,0,[],[]
=>1168,281220000.0,0.0,0,[],[]
=>1169,281226000.0,0.0,0,[],[]
=>1170,281232000.0,0.0,0,[],[]
=>1171,281238000.0,0.0,0,[],[]
=>1172,281244000.0,0.0,0,[],[]
=>1173,281250000.0,0.0,0,[],[]
=>1174,281256000.0,0.0,0,[],[]
=>1175,281262000.0,0.0,0,[],[]
=>1176,281268000.0,0.0,0,[],[]
=>1177,281274000.0,0.0,0,[],[]
=>1178,281280000.0,0.0,0,[],[]
=>1179,281286000.0,0.0,0,[],[]
=>1180,281292000.0,0.0,0,[],[]
=>1181,281298000.0,0.0,0,[],[]
=>1182,281304000.0,0.0,0,[],[]
=>1183,281310000.0,0.0,0,[],[]
=>1184,281316000.0,0.0,0,[],[]
=>1185,281322000.0,0.0,0,[],[]
=>1186,281328000.0,0.0,0,[],[]
=>1187,281334000.0,0.0,0,[],[]
=>1188,281340000.0,0.0,0,[],[]
=>1189,281346000.0,0.0,0,[],[]
=>1190,281352000.0,0.0,0,[],[]
=>1191,281358000.0,0.0,0,[],[]
=>1192,281364000.0,0.0,0,[],[]
=>1193,281370000.0,0.0,0,[],[]
=>1194,281376000.0,0.0,0,[],[]
=>1195,281382000.0,0.0,0,[],[]
=>1196,281388000.0,0.0,0,[],[]
=>1197,281394000.0,0.0,0,[],[]
=>1198,281400000.0,0.0,0,[],[]
=>1199,281406000.0,0.0,0,[],[]
=>1200,281412000.0,0.0,0,[],[]
=>1201,281418000.0,0.0,0,[],[]
=>1202,281424000.0,0.0,0,[],[]
=>1203,281430000.0,0.0,0,[],[]
=>1204,281436000.0,0.0,0,[],[]
=>1205,281442000.0,0.0,0,[],[]
=>1206,281448000.0,0.0,0,[],[]
=>1207,281454000.0,0.0,0,[],[]
=>1208,281460000.0,0.0,0,[],[]
=>1209,281466000.0,0.0,0,[],[]
=>1210,281472000.0,0.0,0,[],[]
=>1211,281478000.0,0.0,0,[],[]
=>1212,281484000.0,0.0,0,[],[]
=>1213,281490000.0,0.0,0,[],[]
=>1214,281496000.0,0.0,0,[],[]
=>1215,281502000.0,0.0,0,[],[]
=>1216,281508000.0,0.0,0,[],[]
=>1217,281514000.0,0.0,0,[],[]
=>1218,281520000.0,0.0,0,[],[]
=>1219,281526000.0,0.0,0,[],[]
=>1220,281532000.0,0.0,0,[],[]
=>1221,281538000.0,0.0,0,[],[]
=>1222,281544000.0,0.0,0,[],[]
=>1223,281550000.0,0.0,0,[],[]
=>1224,281556000.0,0.0,0,[],[]
=>1225,281562000.0,0.0,0,[],[]
=>1226,281568000.0,0.0,0,[],[]
=>1227,281574000.0,0.0,0,[],[]
=>1228,281580000.0,0.0,0,[],[]
=>1229,281586000.0,0.0,0,[],[]
=>1230,281592000.0,0.0,0,[],[]
=>1231,281598000.0,0.0,0,[],[]
=>1232,281604000.0,0.0,0,[],[]
=>1233,281610000.0,0.0,0,[],[]
=>1234,281616000.0,0.0,0,[],[]
=>1235,281622000.0,0.0,0,[],[]
=>1236,281628000.0,0.0,0,[],[]
=>1237,281634000.0,0.0,0,[],[]
=>1238,281640000.0,0.0,0,[],[]
=>1239,281646000.0,0.0,0,[],[]
=>1240,281652000.0,0.0,0,[],[]
=>1241,281658000.0,0.0,0,[],[]
=>1242,281664000.0,0.0,0,[],[]
=>1243,281670000.0,0.0,0,[],[]
=>1244,281676000.0,0.0,0,[],[]
=>1245,281682000.0,0.0,0,[],[]
=>1246,281688000.0,0.0,0,[],[]
=>1247,281694000.0,0.0,0,[],[]
=>1248,281700000.0,0.0,0,[],[]
=>1249,281706000.0,0.0,0,[],[]
=>1250,281712000.0,0.0,0,[],[]
=>1251,281718000.0,0.0,0,[],[]
=>1252,281724000.0,0.0,0,[],[]
=>1253,281730000.0,0.0,0,[],[]
=>1254,281736000.0,0.0,0,[],[]
=>1255,281742000.0,0.0,0,[],[]
=>1256,281748000.0,0.0,0,[],[]
=>1257,281754000.0,0.0,0,[],[]
=>1258,281760000.0,0.0,0,[],[]
=>1259,281766000.0,0.0,0,[],[]
=>1260,281772000.0,0.0,0,[],[]
=>1261,281778000.0,0.0,0,[],[]
=>1262,281784000.0,0.0,0,[],[]
=>1263,281790000.0,0.0,0,[],[]
=>1264,281796000.0,0.0,0,[],[]
=>1265,281802000.0,0.0,0,[],[]
=>1266,281808000.0,0.0,0,[],[]
=>1267,281814000.0,0.0,0,[],[]
=>1268,281820000.0,0.0,0,[],[]
=>1269,281826000.0,0.0,0,[],[]
=>1270,281832000.0,0.0,0,[],[]
=>1271,281838000.0,0.0,0,[],[]
=>1272,281844000.0,0.0,0,[],[]
=>1273,281850000.0,0.0,0,[],[]
=>1274,281856000.0,0.0,0,[],[]
=>1275,281862000.0,0.0,0,[],[]
=>1276,281868000.0,0.0,0,[],[]
=>1277,281874000.0,0.0,0,[],[]
=>1278,281880000.0,0.0,0,[],[]
=>1279,281886000.0,0.0,0,[],[]
=>1280,281892000.0,0.0,0,[],[]
=>1281,281898000.0,0.0,0,[],[]
=>1282,281904000.0,0.0,0,[],[]
=>1283,281910000.0,0.0,0,[],[]
=>1284,281916000.0,0.0,0,[],[]
=>1285,281922000.0,0.0,0,[],[]
=>1286,281928000.0,0.0,0,[],[]
=>1287,281934000.0,0.0,0,[],[]
=>1288,281940000.0,0.0,0,[],[]
=>1289,281946000.0,0.0,0,[],[]
=>1290,281952000.0,0.0,0,[],[]
=>1291,281958000.0,0.0,0,[],[]
=>1292,281964000.0,0.0,0,[],[]
=>1293,281970000.0,0.0,0,[],[]
=>1294,281976000.0,0.0,0,[],[]
=>1295,281982000.0,0.0,0,[],[]
=>1296,281988000.0,0.0,0,[],[]
=>1297,281994000.0,0.0,0,[],[]
=>1298,282000000.0,0.0,0,[],[]
=>1299,282006000.0,0.0,0,[],[]
=>1300,282012000.0,0.0,0,[],[]
=>1301,282018000.0,0.0,0,[],[]
=>1302,282024000.0,0.0,0,[],[]
=>1303,282030000.0,0.0,0,[],[]
=>1304,282036000.0,0.0,0,[],[]
=>1305,282042000.0,0.0,0,[],[]
=>1306,282048000.0,0.0,0,[],[]
=>1307,282054000.0,0.0,0,[],[]
=>1308,282060000.0,0.0,0,[],[]
=>1309,282066000.0,0.0,0,[],[]
=>1310,282072000.0,0.0,0,[],[]
=>1311,282078000.0,0.0,0,[],[]
=>1312,282084000.0,0.0,0,[],[]
=>1313,282090000.0,0.0,0,[],[]
=>1314,282096000.0,0.0,0,[],[]
=>1315,282102000.0,0.0,0,[],[]
=>1316,282108000.0,0.0,0,[],[]
=>1317,282114000.0,0.0,0,[],[]
=>1318,282120000.0,0.0,0,[],[]
=>1319,282126000.0,0.0,0,[],[]
=>1320,282132000.0,0.0,0,[],[]
=>1321,282138000.0,0.0,0,[],[]
=>1322,282144000.0,0.0,0,[],[]
=>1323,282150000.0,0.0,0,[],[]
=>1324,282156000.0,0.0,0,[],[]
=>1325,282162000.0,0.0,0,[],[]
=>1326,282168000.0,0.0,0,[],[]
=>1327,282174000.0,0.0,0,[],[]
=>1328,282180000.0,0.0,0,[],[]
=>1329,282186000.0,0.0,0,[],[]
=>1330,282192000.0,0.0,0,[],[]
=>1331,282198000.0,0.0,0,[],[]
=>1332,282204000.0,0.0,0,[],[]
=>1333,282210000.0,0.0,0,[],[]
=>1334,282216000.0,0.0,0,[],[]
=>1335,282222000.0,0.0,0,[],[]
=>1336,282228000.0,0.0,0,[],[]
=>1337,282234000.0,0.0,0,[],[]
=>1338,282240000.0,0.0,0,[],[]
=>1339,282246000.0,0.0,0,[],[]
=>1340,282252000.0,0.0,0,[],[]
=>1341,282258000.0,0.0,0,[],[]
=>1342,282264000.0,0.0,0,[],[]
=>1343,282270000.0,0.0,0,[],[]
=>1344,282276000.0,0.0,0,[],[]
=>1345,282282000.0,0.0,0,[],[]
=>1346,282288000.0,0.0,0,[],[]
=>1347,282294000.0,0.0,0,[],[]
=>1348,282300000.0,0.0,0,[],[]
=>1349,282306000.0,0.0,0,[],[]
=>1350,282312000.0,0.0,0,[],[]
=>1351,282318000.0,0.0,0,[],[]
=>1352,282324000.0,0.0,0,[],[]
=>1353,282330000.0,0.0,0,[],[]
=>1354,282336000.0,0.0,0,[],[]
=>1355,282342000.0,0.0,0,[],[]
=>1356,282348000.0,0.0,0,[],[]
=>1357,282354000.0,0.0,0,[],[]
=>1358,282360000.0,0.0,0,[],[]
=>1359,282366000.0,0.0,0,[],[]
=>1360,282372000.0,0.0,0,[],[]
=>1361,282378000.0,0.0,0,[],[]
=>1362,282384000.0,0.0,0,[],[]
=>1363,282390000.0,0.0,0,[],[]
=>1364,282396000.0,0.0,0,[],[]
=>1365,282402000.0,0.0,0,[],[]
=>1366,282408000.0,0.0,0,[],[]
=>1367,282414000.0,0.0,0,[],[]
=>1368,282420000.0,0.0,0,[],[]
=>1369,282426000.0,0.0,0,[],[]
=>1370,282432000.0,0.0,0,[],[]
=>1371,282438000.0,0.0,0,[],[]
=>1372,282444000.0,0.0,0,[],[]
=>1373,282450000.0,0.0,0,[],[]
=>1374,282456000.0,0.0,0,[],[]
=>1375,282462000.0,0.0,0,[],[]
=>1376,282468000.0,0.0,0,[],[]
=>1377,282474000.0,0.0,0,[],[]
=>1378,282480000.0,0.0,0,[],[]
=>1379,282486000.0,0.0,0,[],[]
=>1380,282492000.0,0.0,0,[],[]
=>1381,282498000.0,0.0,0,[],[]
=>1382,282504000.0,0.0,0,[],[]
=>1383,282510000.0,0.0,0,[],[]
=>1384,282516000.0,0.0,0,[],[]
=>1385,282522000.0,0.0,0,[],[]
=>1386,282528000.0,0.0,0,[],[]
=>1387,282534000.0,0.0,0,[],[]
=>1388,282540000.0,0.0,0,[],[]
=>1389,282546000.0,0.0,0,[],[]
=>1390,282552000.0,0.0,0,[],[]
=>1391,282558000.0,0.0,0,[],[]
=>1392,282564000.0,0.0,0,[],[]
=>1393,282570000.0,0.0,0,[],[]
=>1394,282576000.0,0.0,0,[],[]
